txt_file, frame_id, label
1, 1036, 0
1, 1048, 0
1, 1060, 0
1, 1072, 0
1, 1084, 0
1, 1096, 0
1, 1108, 0
1, 1876, 0
1, 1888, 0
1, 1900, 0
1, 1912, 0
1, 1924, 0
1, 1936, 0
1, 1948, 0
1, 1960, 0
1, 1972, 0
1, 2368, 0
1, 2380, 0
1, 2392, 0
1, 2404, 0
1, 2416, 0
1, 2428, 0
1, 2440, 0
1, 2452, 0
1, 2464, 0
1, 2476, 0
1, 2488, 0
1, 2500, 0
1, 2512, 0
1, 2524, 0
1, 2536, 0
1, 2548, 0
1, 2560, 0
1, 2572, 0
1, 2584, 0
1, 2596, 0
1, 2608, 0
1, 2620, 0
1, 2632, 0
1, 2644, 0
1, 2656, 0
1, 2668, 0
1, 2680, 0
1, 2692, 0
1, 2704, 0
1, 2716, 0
1, 2728, 0
1, 6496, 0
1, 6508, 0
1, 6520, 0
1, 6532, 0
1, 6544, 0
1, 6556, 0
1, 6568, 0
1, 6580, 0
1, 6592, 0
1, 6604, 0
1, 6616, 0
1, 6628, 0
1, 6640, 0
1, 6652, 0
1, 6664, 0
1, 6676, 0
1, 6688, 0
1, 9844, 0
1, 9856, 0
1, 9868, 0
1, 9880, 0
1, 9892, 0
1, 9904, 0
1, 9916, 0
1, 9928, 0
1, 9940, 0
1, 9952, 0
1, 9964, 0
1, 9976, 0
1, 9988, 0
1, 10000, 0
1, 10012, 0
1, 10024, 0
1, 10036, 0
1, 10048, 0
1, 10060, 0
1, 10072, 0
1, 10084, 0
1, 10096, 0
1, 10108, 0
1, 10120, 0
1, 10132, 0
1, 10144, 0
1, 10156, 0
1, 10168, 0
1, 10180, 0
1, 10192, 0
1, 10204, 0
1, 10216, 0
1, 10228, 0
1, 10240, 0
1, 10252, 0
1, 10264, 0
1, 10276, 0
1, 10288, 0
1, 10300, 0
1, 10312, 0
1, 10324, 0
1, 10336, 0
1, 10348, 0
1, 10360, 0
1, 10372, 0
1, 10384, 0
1, 10396, 0
1, 10408, 0
1, 10420, 0
1, 10432, 0
1, 10444, 0
1, 10456, 0
1, 10468, 0
1, 10480, 0
1, 10492, 0
1, 10504, 0
1, 10516, 0
1, 10528, 0
1, 10540, 0
1, 10552, 0
1, 10564, 0
1, 10576, 0
1, 10588, 0
1, 10600, 0
1, 10612, 0
1, 10636, 0
1, 10648, 0
1, 10660, 0
1, 10672, 0
1, 10684, 0
1, 10696, 0
1, 10708, 0
1, 10720, 0
1, 10732, 0
1, 10744, 0
1, 10756, 0
1, 10768, 0
1, 10780, 0
1, 10792, 0
1, 10804, 0
1, 10816, 0
1, 10828, 0
1, 10840, 0
1, 10852, 0
1, 10864, 0
1, 10876, 0
1, 10888, 0
1, 10900, 0
1, 10912, 0
1, 10924, 0
1, 10936, 0
1, 10948, 0
1, 10960, 0
1, 10972, 0
1, 10984, 0
1, 10996, 0
1, 11008, 0
1, 11020, 0
1, 11032, 0
1, 11044, 0
1, 11056, 0
1, 11068, 0
1, 11080, 0
1, 11092, 0
1, 11104, 0
1, 11116, 0
1, 11128, 0
1, 11140, 0
1, 11152, 0
1, 11164, 0
1, 11176, 0
1, 11188, 0
1, 11200, 0
1, 11212, 0
1, 11224, 0
1, 11236, 0
1, 11248, 0
1, 11260, 0
1, 11272, 0
1, 11284, 0
1, 11296, 0
1, 11308, 0
1, 11320, 0
1, 11332, 0
1, 11344, 0
1, 11356, 0
1, 11368, 0
1, 11380, 0
1, 11392, 0
1, 11404, 0
1, 11416, 0
1, 11428, 0
1, 11440, 0
1, 11452, 0
1, 11464, 0
1, 11476, 0
1, 11488, 0
1, 11500, 0
1, 11512, 0
1, 11524, 0
1, 11656, 0
1, 11668, 0
1, 11680, 0
1, 11692, 0
1, 11704, 0
1, 11716, 0
1, 11728, 0
1, 11740, 0
1, 11752, 0
1, 11764, 0
1, 11776, 0
1, 11788, 0
1, 11800, 0
1, 11812, 0
1, 11824, 0
1, 11836, 0
1, 11848, 0
1, 11860, 0
1, 11872, 0
1, 11884, 0
1, 11896, 0
1, 11908, 0
1, 31348, 0
1, 31360, 0
1, 31372, 0
1, 31384, 0
1, 31396, 0
1, 31408, 0
1, 31420, 0
1, 31432, 0
1, 31444, 0
1, 31456, 0
1, 31468, 0
1, 31480, 0
1, 31492, 0
1, 31504, 0
1, 31516, 0
1, 31528, 0
1, 31540, 0
1, 31552, 0
1, 31564, 0
1, 31576, 0
1, 31588, 0
1, 31600, 0
1, 31612, 0
1, 31624, 0
1, 31636, 0
1, 31648, 0
1, 31660, 0
1, 31672, 0
1, 31684, 0
1, 31696, 0
1, 31708, 0
1, 31720, 0
1, 31732, 0
1, 31744, 0
1, 31756, 0
1, 31768, 0
1, 31780, 0
1, 31792, 0
1, 31804, 0
1, 31816, 0
1, 31828, 0
1, 31840, 0
1, 31852, 0
1, 31864, 0
1, 31876, 0
1, 31888, 0
1, 31900, 0
1, 31912, 0
1, 31924, 0
1, 31936, 0
1, 31948, 0
1, 31960, 0
1, 31972, 0
1, 31984, 0
1, 31996, 0
1, 32008, 0
1, 32020, 0
1, 32032, 0
1, 32044, 0
1, 32056, 0
1, 32068, 0
1, 32080, 0
1, 32092, 0
1, 32104, 0
1, 32116, 0
1, 32128, 0
1, 32140, 0
1, 32152, 0
1, 32164, 0
1, 32176, 0
1, 32188, 0
1, 32200, 0
1, 32212, 0
1, 32224, 0
1, 32236, 0
1, 32248, 0
1, 32260, 0
1, 32272, 0
1, 32284, 0
1, 32296, 0
1, 32308, 0
1, 32320, 0
1, 32332, 0
1, 35968, 0
1, 35980, 0
1, 35992, 0
1, 36004, 0
1, 36016, 0
1, 36028, 0
1, 36040, 0
1, 36052, 0
1, 36064, 0
1, 36076, 0
1, 36088, 0
1, 36100, 0
1, 36112, 0
1, 36124, 0
1, 36136, 0
1, 36148, 0
1, 36160, 0
1, 36172, 0
1, 36184, 0
1, 36196, 0
1, 36208, 0
1, 36220, 0
1, 36232, 0
1, 36244, 0
1, 36256, 0
1, 36268, 0
1, 36280, 0
1, 36292, 0
1, 36304, 0
1, 36316, 0
1, 36328, 0
1, 36340, 0
1, 36352, 0
1, 36364, 0
1, 36376, 0
1, 36388, 0
1, 36400, 0
1, 36412, 0
1, 36424, 0
1, 36436, 0
1, 36448, 0
1, 36460, 0
1, 36472, 0
1, 36484, 0
1, 36496, 0
1, 36508, 0
1, 36520, 0
1, 36532, 0
1, 36544, 0
1, 36556, 0
1, 36568, 0
1, 36580, 0
1, 36592, 0
1, 36604, 0
1, 36616, 0
1, 36628, 0
1, 36640, 0
1, 36652, 0
1, 36664, 0
1, 36676, 0
1, 36688, 0
1, 36700, 0
1, 36712, 0
1, 36724, 0
1, 36736, 0
1, 36748, 0
1, 36760, 0
1, 36772, 0
1, 36784, 0
1, 36796, 0
1, 36808, 0
1, 36820, 0
1, 36832, 0
1, 36844, 0
1, 36856, 0
1, 36868, 0
1, 36880, 0
1, 36892, 0
1, 36904, 0
1, 36916, 0
1, 36928, 0
1, 36940, 0
1, 36952, 0
1, 36964, 0
1, 36976, 0
1, 36988, 0
1, 37000, 0
1, 37012, 0
1, 37024, 0
1, 37036, 0
1, 37048, 0
1, 37060, 0
1, 37072, 0
1, 37084, 0
1, 37096, 0
1, 37108, 0
1, 37120, 0
1, 37132, 0
1, 37144, 0
1, 37156, 0
1, 37168, 0
1, 37180, 0
1, 37192, 0
1, 37204, 0
1, 37216, 0
1, 37228, 0
1, 37240, 0
1, 37252, 0
1, 37264, 0
1, 37276, 0
1, 37288, 0
1, 37300, 0
1, 37312, 0
1, 37324, 0
1, 37336, 0
1, 37348, 0
1, 37360, 0
1, 37384, 0
1, 37396, 0
1, 37420, 0
1, 37432, 0
1, 37468, 0
1, 37504, 0
2, 925, 0
2, 937, 0
2, 949, 0
2, 961, 0
2, 973, 0
2, 985, 0
2, 997, 0
2, 1753, 0
2, 1765, 0
2, 1777, 0
2, 1789, 0
2, 1801, 0
2, 1813, 0
2, 1825, 0
2, 1837, 0
2, 2269, 0
2, 2281, 0
2, 2293, 0
2, 2305, 0
2, 2317, 0
2, 2329, 0
2, 2341, 0
2, 2353, 0
2, 2365, 0
2, 2377, 0
2, 2389, 0
2, 2401, 0
2, 2413, 0
2, 2425, 0
2, 2437, 0
2, 2449, 0
2, 2461, 0
2, 2473, 0
2, 2485, 0
2, 2497, 0
2, 2509, 0
2, 2521, 0
2, 2533, 0
2, 2545, 0
2, 2557, 0
2, 2569, 0
2, 2581, 0
2, 2593, 0
2, 2605, 0
2, 2617, 0
2, 2629, 0
2, 2641, 0
2, 2653, 0
2, 2665, 0
2, 2677, 0
2, 2689, 0
2, 2701, 0
2, 2713, 0
2, 2725, 0
2, 2737, 0
2, 2749, 0
2, 2761, 0
2, 2773, 0
2, 2785, 0
2, 2797, 0
2, 2809, 0
2, 2821, 0
2, 2833, 0
2, 2845, 0
2, 2857, 0
2, 2869, 0
2, 2881, 0
2, 2893, 0
2, 2905, 0
2, 2917, 0
2, 2929, 0
2, 2941, 0
2, 2953, 0
2, 2965, 0
2, 2977, 0
2, 2989, 0
2, 3001, 0
2, 3013, 0
2, 3025, 0
2, 3037, 0
2, 3049, 0
2, 3061, 0
2, 3073, 0
2, 3085, 0
2, 3097, 0
2, 3109, 0
2, 3121, 0
2, 3133, 0
2, 3145, 0
2, 3157, 0
2, 3169, 0
2, 3181, 0
2, 3193, 0
2, 3205, 0
2, 3217, 0
2, 3229, 0
2, 3241, 0
2, 3253, 0
2, 3265, 0
2, 3277, 0
2, 3289, 0
2, 3301, 0
2, 3313, 0
2, 3325, 0
2, 3337, 0
2, 3349, 0
2, 3361, 0
2, 3373, 0
2, 6073, 0
2, 6085, 0
2, 6097, 0
2, 6109, 0
2, 6121, 0
2, 6133, 0
2, 6145, 0
2, 6157, 0
2, 6169, 0
2, 6181, 0
2, 6193, 0
2, 6205, 0
2, 6217, 0
2, 6229, 0
2, 6241, 0
2, 6253, 0
2, 6265, 0
2, 6277, 0
2, 6289, 0
2, 6301, 0
2, 6313, 0
2, 6325, 0
2, 6337, 0
2, 6349, 0
2, 7345, 0
2, 7357, 0
2, 7369, 0
2, 7381, 0
2, 7393, 0
2, 7405, 0
2, 7417, 0
2, 7429, 0
2, 7441, 0
2, 7453, 0
2, 7465, 0
2, 7477, 0
2, 7489, 0
2, 7501, 0
2, 7513, 0
2, 7525, 0
2, 7537, 0
2, 7549, 0
2, 7561, 0
2, 8305, 0
2, 8317, 0
2, 8329, 0
2, 8341, 0
2, 8353, 0
2, 8365, 0
2, 8377, 0
2, 8389, 0
2, 8401, 0
2, 8413, 0
2, 8425, 0
2, 8437, 0
2, 8449, 0
2, 8461, 0
2, 8473, 0
2, 8569, 0
2, 8581, 0
2, 8593, 0
2, 8605, 0
2, 8617, 0
2, 8629, 0
2, 8641, 0
2, 8653, 0
2, 8665, 0
2, 8677, 0
2, 8689, 0
2, 8701, 0
2, 8713, 0
2, 8725, 0
2, 8737, 0
2, 8749, 0
2, 8761, 0
2, 8773, 0
2, 8785, 0
2, 8797, 0
2, 8821, 0
2, 8833, 0
2, 8845, 0
2, 8857, 0
2, 8869, 0
2, 8881, 0
2, 8893, 0
2, 8905, 0
2, 8917, 0
2, 8929, 0
2, 8941, 0
2, 8953, 0
2, 8965, 0
2, 8977, 0
2, 8989, 0
2, 9001, 0
2, 9013, 0
2, 9025, 0
2, 9037, 0
2, 9049, 0
2, 9061, 0
2, 9073, 0
2, 9085, 0
2, 9097, 0
2, 9109, 0
2, 9121, 0
2, 9133, 0
2, 9145, 0
2, 9157, 0
2, 9169, 0
2, 9181, 0
2, 9193, 0
2, 9205, 0
2, 9217, 0
2, 9229, 0
2, 9241, 0
2, 9253, 0
2, 9277, 0
2, 9289, 0
2, 9301, 0
2, 9313, 0
2, 9325, 0
2, 9337, 0
2, 9349, 0
2, 9361, 0
2, 9373, 0
2, 9385, 0
2, 9397, 0
2, 9409, 0
2, 9421, 0
2, 9433, 0
2, 9445, 0
2, 9457, 0
2, 9469, 0
2, 9481, 0
2, 9493, 0
2, 9505, 0
2, 9517, 0
2, 9529, 0
2, 9553, 0
2, 9565, 0
2, 9577, 0
2, 9589, 0
2, 9601, 0
2, 9613, 0
2, 9625, 0
2, 9637, 0
2, 9649, 0
2, 9781, 0
2, 9793, 0
2, 9805, 0
2, 9817, 0
2, 9829, 0
2, 9841, 0
2, 9853, 0
2, 9865, 0
2, 9877, 0
2, 9889, 0
2, 9901, 0
2, 18901, 0
2, 18913, 0
2, 18925, 0
2, 18937, 0
2, 18949, 0
2, 18961, 0
2, 18973, 0
2, 18985, 0
2, 18997, 0
2, 19009, 0
2, 19021, 0
2, 19033, 0
2, 19045, 0
2, 19057, 0
2, 19069, 0
2, 19081, 0
2, 19093, 0
2, 19105, 0
2, 19117, 0
2, 20917, 0
2, 20929, 0
2, 20941, 0
2, 20953, 0
2, 20965, 0
2, 20977, 0
2, 20989, 0
2, 21001, 0
2, 21013, 0
2, 21025, 0
2, 21037, 0
2, 21049, 0
2, 21061, 0
2, 21073, 0
2, 21085, 0
2, 21097, 0
2, 21109, 0
2, 21121, 0
2, 21133, 0
2, 21145, 0
2, 21157, 0
2, 21169, 0
2, 21181, 0
2, 21193, 0
2, 21205, 0
2, 21217, 0
2, 21229, 0
2, 21241, 0
2, 21253, 0
2, 21265, 0
2, 21277, 0
2, 21289, 0
2, 21301, 0
2, 21313, 0
2, 21325, 0
2, 21337, 0
2, 21349, 0
2, 21361, 0
2, 21373, 0
2, 21385, 0
2, 21397, 0
2, 21409, 0
2, 21421, 0
2, 21433, 0
2, 21445, 0
2, 21457, 0
2, 21469, 0
2, 21481, 0
2, 21493, 0
2, 21505, 0
2, 21517, 0
2, 21529, 0
2, 21541, 0
2, 21553, 0
2, 21565, 0
2, 21577, 0
2, 21589, 0
2, 21601, 0
2, 21613, 0
2, 21625, 0
2, 21637, 0
2, 21649, 0
2, 21661, 0
2, 21673, 0
2, 21685, 0
2, 21697, 0
2, 21709, 0
2, 21721, 0
2, 21733, 0
2, 21745, 0
2, 21757, 0
2, 21781, 0
2, 21793, 0
2, 21805, 0
2, 21817, 0
2, 21829, 0
2, 21841, 0
2, 21853, 0
2, 21865, 0
2, 21901, 0
2, 21913, 0
2, 21925, 0
2, 21937, 0
2, 21949, 0
2, 21961, 0
2, 21973, 0
2, 21985, 0
2, 21997, 0
2, 22009, 0
2, 22021, 0
2, 22033, 0
2, 22045, 0
2, 22057, 0
2, 22069, 0
2, 22081, 0
2, 22093, 0
2, 22105, 0
2, 22117, 0
2, 22129, 0
2, 22141, 0
2, 22153, 0
2, 22165, 0
2, 22177, 0
2, 22189, 0
2, 22201, 0
2, 22213, 0
2, 22225, 0
2, 22237, 0
2, 22249, 0
2, 22261, 0
2, 22273, 0
2, 22285, 0
2, 22297, 0
2, 22309, 0
2, 22321, 0
2, 22333, 0
2, 22345, 0
2, 22357, 0
2, 22369, 0
2, 22381, 0
2, 22393, 0
2, 22405, 0
2, 22417, 0
2, 22429, 0
2, 22513, 0
2, 22525, 0
2, 22537, 0
2, 22549, 0
2, 22561, 0
2, 22573, 0
2, 22585, 0
2, 22597, 0
2, 22609, 0
2, 22621, 0
2, 22633, 0
2, 22645, 0
2, 22657, 0
2, 22669, 0
2, 22681, 0
2, 22693, 0
2, 22705, 0
2, 22717, 0
2, 22729, 0
2, 22741, 0
2, 22753, 0
2, 22765, 0
2, 22777, 0
2, 22789, 0
2, 22801, 0
2, 22813, 0
2, 22825, 0
2, 22837, 0
2, 22849, 0
2, 22861, 0
2, 22873, 0
2, 22885, 0
2, 22897, 0
2, 22909, 0
2, 22921, 0
2, 22933, 0
2, 22945, 0
2, 22957, 0
2, 22969, 0
2, 22981, 0
2, 22993, 0
2, 23005, 0
2, 23017, 0
2, 23029, 0
2, 23041, 0
2, 23053, 0
2, 23065, 0
2, 23077, 0
2, 23089, 0
2, 23965, 0
2, 23977, 0
2, 23989, 0
2, 24001, 0
2, 24013, 0
2, 24025, 0
2, 24037, 0
2, 24049, 0
2, 24061, 0
2, 29509, 0
2, 29521, 0
2, 29533, 0
2, 29545, 0
2, 29557, 0
2, 29569, 0
2, 29581, 0
2, 29593, 0
2, 29605, 0
2, 29617, 0
2, 29629, 0
2, 29641, 0
2, 29653, 0
2, 29665, 0
2, 29677, 0
2, 29689, 0
2, 29701, 0
2, 29713, 0
2, 29725, 0
2, 29737, 0
2, 29749, 0
2, 29761, 0
2, 29773, 0
2, 29785, 0
2, 29797, 0
2, 29809, 0
2, 29821, 0
2, 29833, 0
2, 29845, 0
2, 29857, 0
2, 29869, 0
2, 29881, 0
2, 29893, 0
2, 29905, 0
2, 29917, 0
2, 29929, 0
2, 29941, 0
2, 29953, 0
2, 29965, 0
2, 29977, 0
2, 29989, 0
2, 30001, 0
2, 30013, 0
2, 30025, 0
2, 30037, 0
2, 30049, 0
2, 30061, 0
2, 30073, 0
2, 30085, 0
2, 30097, 0
2, 30109, 0
2, 30121, 0
2, 30133, 0
2, 30145, 0
2, 30157, 0
2, 30169, 0
2, 30181, 0
2, 30193, 0
2, 30205, 0
2, 30217, 0
2, 30229, 0
2, 30241, 0
2, 30253, 0
2, 30265, 0
2, 30277, 0
2, 30289, 0
2, 30301, 0
2, 30313, 0
2, 30325, 0
2, 30337, 0
2, 30349, 0
2, 30361, 0
2, 30373, 0
2, 30385, 0
2, 30397, 0
2, 30409, 0
2, 30421, 0
2, 30433, 0
2, 30445, 0
2, 30457, 0
2, 30469, 0
2, 30481, 0
2, 30493, 0
2, 30505, 0
2, 30517, 0
2, 30529, 0
2, 30541, 0
2, 30553, 0
2, 30565, 0
2, 30577, 0
2, 30589, 0
2, 30601, 0
2, 30613, 0
2, 30625, 0
2, 30637, 0
2, 30649, 0
2, 30661, 0
2, 30673, 0
2, 30685, 0
2, 30697, 0
2, 30709, 0
2, 30721, 0
2, 30733, 0
2, 30745, 0
2, 30757, 0
2, 30769, 0
2, 30781, 0
2, 30793, 0
2, 30805, 0
2, 30817, 0
2, 30829, 0
2, 30841, 0
2, 30853, 0
2, 30865, 0
2, 30877, 0
2, 30889, 0
2, 30901, 0
2, 30913, 0
2, 30925, 0
2, 30937, 0
2, 30949, 0
2, 30961, 0
2, 30973, 0
2, 30985, 0
2, 30997, 0
2, 31009, 0
2, 31021, 0
2, 31033, 0
2, 31045, 0
2, 31057, 0
2, 31069, 0
2, 31081, 0
2, 31093, 0
2, 31105, 0
2, 31117, 0
2, 31129, 0
2, 31141, 0
2, 31153, 0
2, 31165, 0
2, 31177, 0
2, 31189, 0
2, 31201, 0
2, 31213, 0
2, 31225, 0
2, 31237, 0
2, 31249, 0
2, 31261, 0
2, 31273, 0
2, 31285, 0
2, 31297, 0
2, 31309, 0
2, 31321, 0
2, 31333, 0
2, 31345, 0
2, 31357, 0
2, 31369, 0
2, 31381, 0
2, 31393, 0
2, 31405, 0
2, 31417, 0
2, 31429, 0
2, 31441, 0
2, 31453, 0
2, 31465, 0
2, 31705, 0
2, 31717, 0
2, 31729, 0
2, 31741, 0
2, 31753, 0
2, 31765, 0
2, 31777, 0
2, 31789, 0
2, 31801, 0
2, 31813, 0
2, 31825, 0
2, 31837, 0
2, 31849, 0
2, 31861, 0
2, 31873, 0
2, 31885, 0
2, 31897, 0
2, 31909, 0
2, 31921, 0
2, 31933, 0
2, 32293, 0
2, 32305, 0
2, 32317, 0
2, 32329, 0
2, 32341, 0
2, 32353, 0
2, 32365, 0
2, 32377, 0
2, 32389, 0
2, 32401, 0
2, 32413, 0
2, 32425, 0
2, 32437, 0
2, 32449, 0
2, 32461, 0
2, 32473, 0
2, 32485, 0
2, 32497, 0
2, 32509, 0
2, 32521, 0
2, 32533, 0
2, 32545, 0
2, 32557, 0
2, 32569, 0
2, 32581, 0
2, 32593, 0
2, 32605, 0
2, 32617, 0
2, 32629, 0
2, 32641, 0
2, 32653, 0
2, 32665, 0
2, 32677, 0
2, 32689, 0
2, 32701, 0
2, 32713, 0
2, 32725, 0
2, 32737, 0
2, 32749, 0
2, 32761, 0
2, 32773, 0
2, 32785, 0
2, 32797, 0
2, 32809, 0
2, 32821, 0
2, 32833, 0
2, 32929, 0
2, 32941, 0
2, 32953, 0
2, 32965, 0
2, 32977, 0
2, 32989, 0
2, 33001, 0
2, 33013, 0
2, 33025, 0
2, 33037, 0
2, 33637, 0
2, 33649, 0
2, 33661, 0
2, 33673, 0
2, 33685, 0
2, 33697, 0
2, 33709, 0
2, 33721, 0
2, 33733, 0
2, 33745, 0
2, 33757, 0
2, 33769, 0
2, 33781, 0
2, 33793, 0
2, 33805, 0
2, 33817, 0
2, 33829, 0
2, 33841, 0
2, 33853, 0
2, 33865, 0
2, 33877, 0
2, 33889, 0
2, 33901, 0
2, 33913, 0
2, 33925, 0
2, 33937, 0
2, 33949, 0
2, 33961, 0
2, 33973, 0
2, 33985, 0
2, 33997, 0
2, 34009, 0
2, 34021, 0
2, 34033, 0
2, 34045, 0
2, 34057, 0
2, 34069, 0
2, 34369, 0
2, 34381, 0
2, 34393, 0
2, 34405, 0
2, 34417, 0
2, 34429, 0
2, 34441, 0
2, 34453, 0
2, 34465, 0
2, 34477, 0
2, 34489, 0
2, 34501, 0
2, 34513, 0
2, 34525, 0
2, 34537, 0
2, 34657, 0
2, 34669, 0
2, 34681, 0
2, 34693, 0
2, 34705, 0
2, 34717, 0
2, 34729, 0
2, 34741, 0
2, 34753, 0
2, 34765, 0
2, 34777, 0
2, 34789, 0
2, 34801, 0
2, 34813, 0
2, 34825, 0
2, 34837, 0
2, 34849, 0
2, 34861, 0
2, 34873, 0
2, 34885, 0
2, 34897, 0
2, 34909, 0
2, 34921, 0
2, 34933, 0
2, 34945, 0
2, 34957, 0
2, 34969, 0
2, 34981, 0
2, 34993, 0
2, 35005, 0
2, 35017, 0
2, 35029, 0
2, 35041, 0
2, 35053, 0
2, 35065, 0
2, 35077, 0
2, 35089, 0
2, 35101, 0
2, 35113, 0
2, 35125, 0
2, 35137, 0
2, 35149, 0
2, 35161, 0
2, 35173, 0
2, 35185, 0
2, 35197, 0
2, 35209, 0
2, 35221, 0
2, 35233, 0
2, 35245, 0
2, 35257, 0
2, 35269, 0
2, 35281, 0
2, 35293, 0
2, 35305, 0
2, 35317, 0
2, 35329, 0
2, 35341, 0
2, 35353, 0
2, 35365, 0
2, 35377, 0
2, 35389, 0
2, 35401, 0
2, 35413, 0
2, 35425, 0
2, 35437, 0
2, 35449, 0
2, 35461, 0
2, 35473, 0
2, 35485, 0
2, 35497, 0
2, 35509, 0
2, 35521, 0
2, 35533, 0
2, 35545, 0
2, 35557, 0
2, 35569, 0
2, 35581, 0
2, 35593, 0
2, 35605, 0
2, 35617, 0
2, 35629, 0
2, 35641, 0
2, 35653, 0
2, 35665, 0
2, 35677, 0
2, 35689, 0
2, 35701, 0
2, 35713, 0
2, 35725, 0
2, 35737, 0
2, 35749, 0
2, 35761, 0
2, 35773, 0
2, 35785, 0
2, 35797, 0
2, 35809, 0
2, 35821, 0
2, 35833, 0
2, 35845, 0
2, 35857, 0
2, 35869, 0
2, 35881, 0
2, 35893, 0
2, 35905, 0
2, 35917, 0
2, 35929, 0
2, 35941, 0
2, 35953, 0
2, 35965, 0
2, 35977, 0
2, 35989, 0
2, 36001, 0
2, 36013, 0
2, 36025, 0
2, 36037, 0
2, 36049, 0
2, 36061, 0
2, 36073, 0
2, 36085, 0
2, 36097, 0
2, 36109, 0
2, 36121, 0
2, 36133, 0
2, 36145, 0
2, 36157, 0
2, 36169, 0
2, 36181, 0
2, 36193, 0
2, 36205, 0
2, 36217, 0
2, 36229, 0
2, 36241, 0
2, 36253, 0
2, 36265, 0
2, 36277, 0
2, 36289, 0
2, 36301, 0
2, 36313, 0
2, 36325, 0
2, 36337, 0
2, 36349, 0
2, 36361, 0
2, 36373, 0
2, 36385, 0
2, 36397, 0
2, 36409, 0
2, 36421, 0
2, 36433, 0
2, 36445, 0
2, 36457, 0
2, 36469, 0
2, 36481, 0
2, 36493, 0
2, 36505, 0
2, 36517, 0
2, 36577, 0
2, 36589, 0
2, 36601, 0
2, 36613, 0
2, 36625, 0
2, 36637, 0
2, 36649, 0
2, 36661, 0
2, 36673, 0
2, 36685, 0
2, 36697, 0
2, 36709, 0
2, 36721, 0
2, 36733, 0
2, 36745, 0
2, 36757, 0
2, 36793, 0
2, 36805, 0
2, 36817, 0
2, 36829, 0
2, 36841, 0
2, 36853, 0
2, 36865, 0
2, 36877, 0
2, 36889, 0
2, 36901, 0
2, 36913, 0
2, 36925, 0
2, 36937, 0
2, 36949, 0
2, 36961, 0
2, 36973, 0
2, 36985, 0
2, 36997, 0
2, 37009, 0
2, 37021, 0
2, 37033, 0
2, 37045, 0
2, 37057, 0
2, 37069, 0
2, 37081, 0
2, 37093, 0
2, 37105, 0
2, 37117, 0
2, 37129, 0
2, 37141, 0
2, 37153, 0
2, 37165, 0
2, 37177, 0
2, 37189, 0
2, 37201, 0
2, 37213, 0
2, 37225, 0
2, 37237, 0
2, 37249, 0
2, 37261, 0
2, 37273, 0
2, 37285, 0
2, 37297, 0
2, 37309, 0
2, 37321, 0
2, 37333, 0
2, 37345, 0
2, 37357, 0
2, 37369, 0
2, 37381, 0
2, 37393, 0
2, 37405, 0
2, 37417, 0
2, 37429, 0
2, 37441, 0
2, 37453, 0
2, 37465, 0
2, 37477, 0
2, 37489, 0
2, 37501, 0
2, 37513, 0
2, 37525, 0
2, 37537, 0
2, 37549, 0
3, 986, 0
3, 998, 0
3, 1010, 0
3, 1022, 0
3, 1034, 0
3, 1046, 0
3, 1058, 0
3, 1070, 0
3, 1082, 0
3, 1094, 0
3, 1106, 0
3, 1118, 0
3, 1130, 0
3, 2006, 0
3, 2018, 0
3, 2030, 0
3, 2042, 0
3, 2054, 0
3, 2066, 0
3, 2078, 0
3, 2090, 0
3, 2462, 0
3, 2474, 0
3, 2486, 0
3, 2498, 0
3, 2522, 0
3, 2534, 0
3, 2546, 0
3, 2558, 0
3, 2570, 0
3, 2582, 0
3, 2594, 0
3, 2606, 0
3, 2618, 0
3, 2630, 0
3, 2642, 0
3, 2654, 0
3, 2666, 0
3, 2678, 0
3, 2690, 0
3, 2702, 0
3, 2714, 0
3, 2726, 0
3, 2738, 0
3, 2750, 0
3, 2762, 0
3, 2774, 0
3, 2786, 0
3, 2798, 0
3, 2810, 0
3, 2834, 0
3, 2846, 0
3, 2858, 0
3, 2870, 0
3, 2882, 0
3, 2894, 0
3, 2906, 0
3, 2918, 0
3, 2930, 0
3, 2942, 0
3, 2954, 0
3, 2966, 0
3, 2978, 0
3, 2990, 0
3, 3002, 0
3, 3014, 0
3, 3026, 0
3, 3038, 0
3, 3050, 0
3, 3062, 0
3, 6758, 0
3, 6770, 0
3, 6782, 0
3, 6794, 0
3, 6806, 0
3, 6818, 0
3, 6830, 0
3, 6842, 0
3, 6854, 0
3, 6866, 0
3, 6878, 0
3, 6890, 0
3, 6902, 0
3, 6914, 0
3, 6926, 0
3, 6938, 0
3, 6950, 0
3, 6962, 0
3, 6974, 0
3, 6986, 0
3, 6998, 0
3, 7010, 0
3, 7022, 0
3, 7034, 0
3, 7046, 0
3, 7058, 0
3, 7070, 0
3, 7082, 0
3, 7094, 0
3, 7106, 0
3, 7118, 0
3, 7130, 0
3, 7142, 0
3, 7154, 0
3, 7166, 0
3, 7178, 0
3, 7190, 0
3, 7202, 0
3, 7214, 0
3, 7226, 0
3, 7334, 0
3, 7346, 0
3, 7382, 0
3, 7394, 0
3, 7406, 0
3, 7418, 0
3, 7442, 0
3, 7454, 0
3, 7466, 0
3, 7478, 0
3, 7490, 0
3, 7502, 0
3, 7514, 0
3, 7526, 0
3, 7538, 0
3, 7550, 0
3, 7562, 0
3, 7574, 0
3, 7586, 0
3, 7598, 0
3, 7610, 0
3, 7622, 0
3, 7634, 0
3, 7646, 0
3, 7658, 0
3, 7670, 0
3, 7682, 0
3, 7694, 0
3, 7706, 0
3, 7718, 0
3, 7730, 0
3, 7742, 0
3, 7754, 0
3, 7766, 0
3, 7778, 0
3, 7802, 0
3, 7814, 0
3, 7826, 0
3, 7838, 0
3, 7850, 0
3, 7862, 0
3, 7874, 0
3, 7886, 0
3, 7898, 0
3, 7910, 0
3, 7922, 0
3, 7934, 0
3, 7946, 0
3, 7970, 0
3, 7982, 0
3, 7994, 0
3, 8006, 0
3, 8018, 0
3, 8078, 0
3, 8090, 0
3, 8102, 0
3, 8114, 0
3, 8126, 0
3, 8138, 0
3, 8150, 0
3, 8162, 0
3, 8174, 0
3, 8330, 0
3, 8342, 0
3, 8354, 0
3, 8366, 0
3, 8378, 0
3, 8390, 0
3, 8402, 0
3, 8414, 0
3, 8426, 0
3, 8702, 0
3, 8714, 0
3, 8726, 0
3, 8738, 0
3, 8750, 0
3, 8774, 0
3, 8786, 0
3, 8798, 0
3, 8810, 0
3, 8870, 0
3, 8882, 0
3, 8894, 0
3, 8906, 0
3, 8918, 0
3, 8930, 0
3, 8942, 0
3, 8954, 0
3, 8966, 0
3, 8978, 0
3, 8990, 0
3, 9002, 0
3, 9014, 0
3, 9026, 0
3, 9038, 0
3, 9050, 0
3, 9062, 0
3, 9074, 0
3, 9086, 0
3, 9098, 0
3, 9110, 0
3, 9122, 0
3, 9134, 0
3, 9146, 0
3, 9158, 0
3, 9170, 0
3, 9182, 0
3, 9194, 0
3, 9206, 0
3, 9218, 0
3, 9230, 0
3, 9242, 0
3, 9254, 0
3, 9650, 0
3, 9662, 0
3, 9674, 0
3, 9686, 0
3, 9698, 0
3, 9710, 0
3, 9722, 0
3, 9734, 0
3, 9746, 0
3, 9758, 0
3, 9770, 0
3, 9782, 0
3, 9794, 0
3, 9806, 0
3, 9818, 0
3, 9830, 0
3, 9842, 0
3, 9854, 0
3, 9866, 0
3, 9878, 0
3, 9890, 0
3, 9902, 0
3, 9914, 0
3, 9926, 0
3, 9938, 0
3, 9950, 0
3, 9962, 0
3, 9974, 0
3, 9986, 0
3, 9998, 0
3, 10010, 0
3, 10022, 0
3, 10034, 0
3, 10046, 0
3, 10058, 0
3, 10070, 0
3, 10082, 0
3, 10094, 0
3, 10106, 0
3, 10118, 0
3, 10130, 0
3, 10142, 0
3, 10154, 0
3, 10166, 0
3, 10178, 0
3, 10190, 0
3, 10202, 0
3, 10214, 0
3, 10226, 0
3, 10238, 0
3, 10250, 0
3, 10262, 0
3, 10274, 0
3, 10286, 0
3, 10298, 0
3, 10310, 0
3, 10322, 0
3, 10334, 0
3, 10346, 0
3, 10358, 0
3, 10370, 0
3, 10382, 0
3, 10394, 0
3, 10406, 0
3, 10418, 0
3, 10430, 0
3, 10442, 0
3, 10454, 0
3, 10466, 0
3, 10478, 0
3, 10490, 0
3, 10502, 0
3, 10514, 0
3, 10526, 0
3, 10538, 0
3, 10550, 0
3, 10562, 0
3, 10574, 0
3, 10586, 0
3, 10598, 0
3, 10610, 0
3, 10622, 0
3, 10634, 0
3, 10646, 0
3, 10658, 0
3, 10670, 0
3, 10682, 0
3, 10694, 0
3, 10706, 0
3, 10718, 0
3, 10730, 0
3, 10742, 0
3, 10754, 0
3, 10766, 0
3, 10778, 0
3, 10790, 0
3, 10802, 0
3, 10814, 0
3, 10826, 0
3, 10838, 0
3, 10850, 0
3, 10862, 0
3, 10874, 0
3, 10886, 0
3, 10898, 0
3, 10910, 0
3, 10922, 0
3, 10934, 0
3, 10946, 0
3, 10958, 0
3, 10970, 0
3, 10982, 0
3, 10994, 0
3, 11006, 0
3, 11018, 0
3, 11030, 0
3, 11042, 0
3, 11054, 0
3, 11066, 0
3, 11078, 0
3, 11090, 0
3, 11102, 0
3, 11114, 0
3, 11126, 0
3, 11138, 0
3, 11150, 0
3, 11162, 0
3, 11174, 0
3, 11186, 0
3, 11198, 0
3, 11210, 0
3, 11222, 0
3, 11234, 0
3, 11246, 0
3, 11258, 0
3, 11270, 0
3, 11282, 0
3, 11294, 0
3, 11306, 0
3, 11318, 0
3, 11330, 0
3, 11342, 0
3, 11354, 0
3, 11366, 0
3, 11426, 0
3, 11438, 0
3, 11450, 0
3, 11462, 0
3, 11474, 0
3, 14474, 0
3, 14486, 0
3, 14498, 0
3, 14510, 0
3, 14522, 0
3, 14534, 0
3, 14546, 0
3, 14558, 0
3, 14570, 0
3, 14582, 0
3, 14594, 0
3, 14606, 0
3, 14618, 0
3, 14630, 0
3, 14642, 0
3, 14654, 0
3, 14666, 0
3, 14678, 0
3, 14690, 0
3, 14702, 0
3, 14714, 0
3, 14726, 0
3, 14738, 0
3, 14750, 0
3, 14762, 0
3, 16886, 0
3, 16898, 0
3, 16910, 0
3, 16922, 0
3, 17162, 0
3, 17174, 0
3, 17186, 0
3, 17246, 0
3, 17258, 0
3, 17270, 0
3, 17282, 0
3, 17294, 0
3, 17306, 0
3, 17318, 0
3, 17330, 0
3, 17342, 0
3, 17354, 0
3, 17366, 0
3, 17378, 0
3, 17390, 0
3, 17402, 0
3, 17414, 0
3, 17426, 0
3, 17438, 0
3, 17450, 0
3, 17462, 0
3, 17474, 0
3, 17486, 0
3, 17498, 0
3, 17510, 0
3, 17546, 0
3, 17558, 0
3, 17570, 0
3, 17582, 0
3, 17594, 0
3, 17606, 0
3, 17618, 0
3, 17630, 0
3, 17642, 0
3, 17654, 0
3, 17666, 0
3, 17762, 0
3, 17774, 0
3, 17786, 0
3, 17798, 0
3, 17810, 0
3, 17822, 0
3, 17834, 0
3, 17846, 0
3, 17858, 0
3, 17870, 0
3, 17882, 0
3, 17894, 0
3, 17906, 0
3, 17918, 0
3, 17930, 0
3, 17942, 0
3, 17954, 0
3, 17966, 0
3, 17978, 0
3, 17990, 0
3, 18002, 0
3, 18014, 0
3, 18026, 0
3, 18038, 0
3, 18050, 0
3, 18062, 0
3, 18074, 0
3, 18086, 0
3, 18098, 0
3, 18110, 0
3, 18122, 0
3, 18134, 0
3, 18146, 0
3, 18158, 0
3, 18170, 0
3, 18182, 0
3, 18194, 0
3, 18206, 0
3, 18218, 0
3, 18230, 0
3, 18242, 0
3, 18254, 0
3, 18506, 0
3, 18518, 0
3, 18530, 0
3, 18542, 0
3, 18554, 0
3, 18566, 0
3, 18578, 0
3, 18590, 0
3, 18650, 0
3, 18662, 0
3, 18674, 0
3, 18782, 0
3, 18794, 0
3, 18806, 0
3, 18818, 0
3, 18830, 0
3, 18842, 0
3, 18854, 0
3, 18866, 0
3, 18878, 0
3, 18890, 0
3, 18902, 0
3, 18914, 0
3, 18926, 0
3, 18938, 0
3, 18950, 0
3, 18962, 0
3, 18974, 0
3, 18986, 0
3, 19118, 0
3, 19130, 0
3, 19142, 0
3, 19178, 0
3, 19190, 0
3, 19226, 0
3, 19238, 0
3, 19262, 0
3, 19274, 0
3, 19334, 0
3, 19346, 0
3, 19358, 0
3, 19370, 0
3, 19382, 0
3, 19394, 0
3, 19406, 0
3, 19418, 0
3, 22478, 0
3, 22490, 0
3, 22502, 0
3, 22514, 0
3, 22526, 0
3, 22538, 0
3, 22550, 0
3, 22562, 0
3, 22574, 0
3, 22586, 0
3, 22598, 0
3, 22610, 0
3, 22622, 0
3, 22634, 0
3, 22646, 0
3, 22658, 0
3, 22670, 0
3, 22682, 0
3, 22694, 0
3, 22706, 0
3, 22718, 0
3, 22730, 0
3, 22742, 0
3, 22754, 0
3, 22766, 0
3, 22778, 0
3, 22790, 0
3, 22802, 0
3, 22814, 0
3, 22826, 0
3, 22838, 0
3, 22850, 0
3, 22862, 0
3, 22874, 0
3, 22886, 0
3, 22898, 0
3, 22910, 0
3, 22922, 0
3, 22934, 0
3, 22946, 0
3, 22958, 0
3, 22970, 0
3, 22982, 0
3, 22994, 0
3, 23006, 0
3, 23018, 0
3, 23030, 0
3, 23042, 0
3, 23054, 0
3, 23066, 0
3, 23078, 0
3, 23090, 0
3, 23102, 0
3, 23114, 0
3, 23126, 0
3, 23138, 0
3, 23150, 0
3, 23162, 0
3, 23174, 0
3, 23186, 0
3, 23198, 0
3, 23210, 0
3, 23222, 0
3, 23234, 0
3, 23342, 0
3, 23354, 0
3, 23366, 0
3, 23378, 0
3, 23390, 0
3, 23402, 0
3, 23414, 0
3, 23426, 0
3, 23438, 0
3, 23450, 0
3, 23462, 0
3, 23474, 0
3, 23486, 0
3, 23498, 0
3, 23510, 0
3, 23522, 0
3, 23534, 0
3, 23546, 0
3, 23558, 0
3, 23570, 0
3, 23582, 0
3, 23594, 0
3, 23606, 0
3, 23618, 0
3, 23630, 0
3, 23642, 0
3, 23654, 0
3, 23666, 0
3, 23678, 0
3, 23690, 0
3, 23702, 0
3, 23714, 0
3, 23726, 0
3, 23738, 0
3, 23750, 0
3, 23762, 0
3, 23774, 0
3, 23786, 0
3, 23798, 0
3, 23810, 0
3, 23822, 0
3, 23834, 0
3, 23846, 0
3, 23858, 0
3, 23870, 0
3, 23882, 0
3, 23894, 0
3, 23906, 0
3, 23918, 0
3, 23930, 0
3, 23942, 0
3, 23954, 0
3, 23966, 0
3, 23978, 0
3, 23990, 0
3, 24002, 0
3, 24014, 0
3, 24026, 0
3, 24038, 0
3, 24050, 0
3, 24062, 0
3, 24074, 0
3, 24086, 0
3, 24098, 0
3, 24110, 0
3, 24122, 0
3, 24134, 0
3, 24146, 0
3, 24158, 0
3, 24170, 0
3, 24182, 0
3, 24194, 0
3, 24206, 0
3, 24326, 0
3, 24338, 0
3, 24350, 0
3, 24362, 0
3, 24374, 0
3, 24386, 0
3, 24398, 0
3, 24410, 0
3, 24422, 0
3, 24434, 0
3, 24446, 0
3, 24458, 0
3, 24470, 0
3, 24482, 0
3, 24494, 0
3, 24506, 0
3, 24518, 0
3, 24530, 0
3, 24542, 0
3, 24554, 0
3, 24566, 0
3, 24578, 0
3, 24590, 0
3, 24602, 0
3, 24614, 0
3, 24626, 0
3, 24638, 0
3, 24650, 0
3, 24662, 0
3, 24674, 0
3, 24686, 0
3, 24698, 0
3, 24710, 0
3, 24722, 0
3, 24734, 0
3, 24746, 0
3, 24758, 0
3, 24770, 0
3, 24782, 0
3, 24794, 0
3, 24806, 0
3, 24818, 0
3, 24830, 0
3, 24842, 0
3, 24854, 0
3, 24866, 0
3, 24878, 0
3, 24890, 0
3, 24902, 0
3, 25490, 0
3, 25502, 0
3, 25514, 0
3, 25526, 0
3, 25538, 0
3, 25550, 0
3, 25562, 0
3, 25574, 0
3, 25586, 0
3, 25598, 0
3, 25610, 0
3, 25622, 0
3, 25634, 0
3, 25646, 0
3, 25658, 0
3, 25670, 0
3, 25682, 0
3, 25694, 0
3, 25706, 0
3, 25718, 0
3, 25730, 0
3, 25742, 0
3, 25754, 0
3, 25766, 0
3, 25778, 0
3, 25790, 0
3, 25802, 0
3, 25814, 0
3, 25826, 0
3, 25838, 0
3, 25850, 0
3, 25862, 0
3, 25874, 0
3, 25886, 0
3, 25898, 0
3, 25910, 0
3, 25922, 0
3, 25934, 0
3, 25946, 0
3, 25958, 0
3, 25970, 0
3, 25982, 0
3, 25994, 0
3, 26006, 0
3, 26018, 0
3, 26030, 0
3, 26042, 0
3, 26054, 0
3, 26066, 0
3, 26078, 0
3, 26090, 0
3, 26102, 0
3, 26114, 0
3, 26126, 0
3, 26138, 0
3, 26150, 0
3, 26162, 0
3, 26174, 0
3, 26186, 0
3, 26198, 0
3, 26210, 0
3, 26222, 0
3, 26234, 0
3, 26246, 0
3, 26258, 0
3, 26270, 0
3, 26282, 0
3, 26294, 0
3, 26306, 0
3, 26318, 0
3, 26330, 0
3, 26342, 0
3, 26354, 0
3, 26366, 0
3, 26378, 0
3, 26390, 0
3, 26402, 0
3, 26414, 0
3, 26426, 0
3, 26438, 0
3, 26450, 0
3, 26462, 0
3, 26474, 0
3, 26486, 0
3, 26498, 0
3, 26510, 0
3, 26522, 0
3, 26534, 0
3, 26546, 0
3, 26558, 0
3, 26570, 0
3, 26582, 0
3, 26594, 0
3, 26606, 0
3, 26618, 0
3, 26630, 0
3, 26642, 0
3, 26654, 0
3, 26666, 0
3, 26678, 0
3, 26690, 0
3, 26702, 0
3, 26714, 0
3, 26726, 0
3, 26738, 0
3, 26750, 0
3, 26762, 0
3, 26774, 0
3, 26786, 0
3, 26798, 0
3, 26810, 0
3, 26822, 0
3, 26834, 0
3, 26846, 0
3, 27470, 0
3, 27482, 0
3, 27494, 0
3, 27506, 0
3, 27518, 0
3, 27530, 0
3, 27542, 0
3, 27554, 0
3, 27566, 0
3, 27578, 0
3, 27590, 0
3, 27602, 0
3, 27614, 0
3, 27626, 0
3, 27638, 0
3, 27650, 0
3, 27662, 0
3, 27674, 0
3, 27686, 0
3, 27698, 0
3, 27710, 0
3, 27722, 0
3, 27734, 0
3, 27746, 0
3, 27758, 0
3, 27770, 0
3, 27782, 0
3, 27794, 0
3, 27806, 0
3, 27818, 0
3, 27830, 0
3, 27842, 0
3, 27854, 0
3, 27866, 0
3, 27878, 0
3, 27890, 0
3, 27902, 0
3, 27914, 0
3, 27926, 0
3, 27938, 0
3, 27950, 0
3, 27962, 0
3, 27974, 0
3, 27986, 0
3, 27998, 0
3, 28010, 0
3, 28022, 0
3, 28034, 0
3, 28046, 0
3, 28058, 0
3, 28070, 0
3, 28082, 0
3, 28094, 0
3, 28106, 0
3, 28118, 0
3, 28130, 0
3, 28142, 0
3, 28154, 0
3, 28166, 0
3, 28178, 0
3, 28190, 0
3, 28202, 0
3, 28214, 0
3, 28226, 0
3, 28238, 0
3, 28250, 0
3, 28262, 0
3, 28274, 0
3, 28286, 0
3, 28298, 0
3, 28310, 0
3, 28322, 0
3, 28334, 0
3, 28346, 0
3, 28358, 0
3, 28454, 0
3, 28466, 0
3, 28478, 0
3, 29762, 0
3, 29834, 0
3, 29858, 0
3, 29870, 0
3, 29882, 0
3, 29894, 0
3, 29906, 0
3, 29918, 0
3, 29930, 0
3, 29942, 0
3, 29954, 0
3, 29966, 0
3, 29978, 0
3, 29990, 0
3, 30002, 0
3, 30014, 0
3, 30026, 0
3, 30038, 0
3, 30050, 0
3, 30062, 0
3, 30074, 0
3, 30086, 0
3, 30098, 0
3, 30110, 0
3, 30122, 0
3, 30170, 0
3, 30182, 0
3, 30206, 0
3, 30218, 0
3, 30230, 0
3, 30254, 0
3, 30266, 0
3, 30278, 0
3, 30290, 0
3, 30302, 0
3, 30314, 0
3, 30326, 0
3, 30338, 0
3, 30350, 0
3, 30362, 0
3, 30374, 0
3, 30386, 0
3, 30398, 0
3, 30422, 0
3, 30434, 0
3, 30446, 0
3, 30494, 0
3, 30506, 0
3, 30518, 0
3, 30530, 0
3, 30566, 0
3, 30578, 0
3, 30590, 0
3, 30602, 0
3, 30614, 0
3, 30626, 0
3, 30638, 0
3, 30650, 0
3, 30662, 0
3, 30674, 0
3, 30686, 0
3, 30698, 0
3, 30710, 0
3, 30722, 0
3, 30734, 0
3, 30746, 0
3, 30758, 0
3, 30770, 0
3, 30782, 0
3, 30794, 0
3, 30806, 0
3, 30818, 0
3, 30830, 0
3, 30842, 0
3, 30854, 0
3, 30866, 0
3, 30878, 0
3, 30890, 0
3, 30902, 0
3, 30914, 0
3, 30926, 0
3, 30938, 0
3, 30950, 0
3, 30962, 0
3, 30974, 0
3, 30986, 0
3, 30998, 0
3, 31010, 0
3, 31022, 0
3, 31046, 0
3, 31070, 0
3, 31094, 0
3, 31106, 0
3, 31118, 0
3, 31130, 0
3, 31142, 0
3, 31154, 0
3, 31166, 0
3, 31190, 0
3, 31202, 0
3, 31214, 0
3, 31298, 0
3, 31310, 0
3, 31322, 0
3, 31334, 0
3, 31346, 0
3, 31358, 0
3, 31370, 0
3, 31382, 0
3, 31394, 0
3, 31406, 0
3, 31418, 0
3, 31430, 0
3, 31442, 0
3, 31550, 0
3, 31562, 0
3, 31574, 0
3, 31586, 0
3, 31598, 0
3, 31610, 0
3, 31622, 0
3, 31634, 0
3, 31646, 0
3, 31658, 0
3, 31670, 0
3, 31682, 0
3, 31694, 0
3, 31706, 0
3, 31718, 0
3, 31730, 0
3, 31742, 0
3, 31754, 0
3, 31766, 0
3, 31778, 0
3, 31790, 0
3, 31802, 0
3, 31814, 0
3, 31826, 0
3, 31838, 0
3, 31850, 0
3, 31862, 0
3, 31874, 0
3, 31886, 0
3, 31898, 0
3, 31910, 0
3, 31922, 0
3, 31934, 0
3, 31946, 0
3, 31958, 0
3, 31970, 0
3, 31982, 0
3, 31994, 0
3, 32006, 0
3, 32018, 0
3, 32030, 0
3, 32042, 0
3, 32054, 0
3, 32066, 0
3, 32078, 0
3, 32090, 0
3, 32102, 0
3, 32114, 0
3, 32126, 0
3, 32138, 0
3, 32162, 0
3, 32174, 0
3, 33170, 0
3, 33206, 0
3, 33218, 0
3, 33230, 0
3, 33242, 0
3, 33254, 0
3, 33266, 0
3, 33290, 0
3, 33302, 0
3, 33314, 0
3, 33326, 0
3, 33338, 0
3, 33350, 0
3, 33362, 0
3, 33374, 0
3, 33386, 0
3, 33398, 0
3, 33410, 0
3, 33422, 0
3, 33434, 0
3, 33446, 0
3, 33458, 0
3, 33470, 0
3, 33482, 0
3, 33494, 0
3, 33506, 0
3, 33530, 0
3, 33542, 0
3, 33554, 0
3, 33566, 0
3, 33578, 0
3, 33590, 0
3, 33602, 0
3, 33614, 0
3, 33626, 0
3, 33638, 0
3, 33650, 0
3, 33662, 0
3, 33674, 0
3, 33686, 0
3, 33698, 0
3, 33710, 0
3, 33722, 0
3, 33734, 0
3, 33746, 0
3, 33758, 0
3, 33770, 0
3, 33782, 0
3, 33794, 0
3, 33806, 0
3, 33818, 0
3, 33830, 0
3, 33842, 0
3, 33854, 0
3, 33866, 0
3, 33914, 0
3, 33926, 0
3, 33938, 0
3, 33950, 0
3, 33962, 0
3, 33974, 0
3, 33998, 0
3, 34010, 0
3, 34022, 0
3, 34034, 0
3, 34106, 0
3, 34118, 0
3, 34154, 0
3, 34166, 0
3, 34178, 0
3, 34190, 0
3, 34202, 0
3, 34262, 0
3, 34322, 0
3, 34334, 0
3, 34346, 0
3, 34358, 0
3, 34370, 0
3, 34382, 0
3, 34394, 0
3, 34406, 0
3, 34418, 0
3, 34430, 0
3, 34442, 0
3, 34454, 0
3, 34466, 0
3, 34478, 0
3, 34490, 0
3, 34502, 0
3, 34514, 0
3, 34526, 0
3, 34538, 0
3, 34550, 0
3, 34562, 0
3, 34574, 0
3, 34586, 0
3, 34598, 0
3, 34610, 0
3, 34622, 0
3, 34790, 0
3, 34802, 0
3, 34922, 0
3, 34994, 0
3, 35198, 0
3, 35210, 0
3, 35222, 0
3, 35234, 0
3, 35270, 0
3, 35282, 0
3, 35294, 0
3, 35306, 0
3, 35318, 0
3, 35330, 0
3, 35342, 0
3, 35354, 0
3, 35366, 0
3, 35378, 0
3, 35390, 0
3, 35402, 0
3, 35414, 0
3, 35426, 0
3, 35438, 0
3, 35546, 0
3, 35906, 0
3, 35930, 0
3, 35942, 0
3, 35954, 0
3, 35978, 0
3, 35990, 0
3, 36002, 0
3, 36038, 0
3, 36050, 0
3, 36074, 0
3, 36554, 0
3, 36566, 0
3, 36578, 0
3, 36590, 0
3, 36602, 0
3, 36614, 0
3, 36626, 0
3, 36638, 0
3, 36650, 0
3, 36830, 0
3, 36842, 0
3, 36866, 0
3, 36878, 0
3, 36890, 0
3, 36902, 0
3, 36914, 0
3, 36926, 0
3, 36938, 0
3, 36950, 0
3, 36962, 0
3, 36974, 0
3, 36986, 0
3, 36998, 0
3, 37010, 0
3, 37022, 0
3, 37034, 0
3, 37046, 0
3, 37058, 0
3, 37070, 0
3, 37082, 0
3, 37094, 0
3, 37106, 0
3, 37202, 0
3, 37418, 0
1, 38368, 1
1, 16744, 1
1, 16756, 1
1, 9616, 1
1, 16912, 1
1, 9208, 1
1, 9820, 1
1, 38308, 1
1, 38452, 1
1, 16720, 1
1, 16960, 1
1, 9724, 1
1, 9712, 1
1, 16684, 1
1, 9688, 1
1, 16984, 1
1, 9232, 1
1, 16708, 1
1, 6208, 1
1, 9748, 1
1, 16852, 1
1, 30724, 1
1, 9736, 1
1, 16660, 1
1, 9652, 1
1, 9304, 1
1, 30868, 1
1, 9772, 1
1, 9376, 1
1, 6112, 1
1, 9400, 1
1, 9220, 1
1, 9568, 1
1, 6172, 1
1, 16792, 1
1, 16672, 1
1, 6220, 1
1, 6256, 1
1, 6088, 1
1, 38332, 1
1, 6136, 1
1, 30700, 1
1, 30592, 1
1, 30880, 1
1, 38416, 1
1, 16888, 1
1, 6292, 1
1, 9472, 1
1, 1852, 1
1, 30820, 1
1, 9316, 1
1, 9532, 1
2, 17605, 1
2, 38377, 1
2, 31525, 1
2, 38485, 1
2, 31489, 1
2, 5881, 1
2, 17629, 1
2, 17617, 1
2, 38329, 1
2, 31633, 1
2, 38341, 1
2, 7885, 1
2, 38425, 1
2, 6025, 1
2, 5845, 1
2, 1693, 1
2, 6013, 1
2, 38449, 1
2, 17533, 1
2, 31549, 1
2, 5905, 1
2, 38389, 1
2, 1729, 1
2, 7825, 1
2, 5869, 1
2, 17641, 1
2, 38317, 1
2, 17521, 1
2, 7729, 1
2, 31537, 1
2, 31513, 1
3, 27086, 1
3, 27146, 1
3, 9470, 1
3, 9446, 1
3, 9386, 1
3, 9422, 1
3, 38174, 1
3, 9410, 1
3, 27386, 1
3, 27278, 1
3, 27218, 1
3, 38282, 1
3, 27074, 1
3, 27194, 1
3, 38150, 1
3, 27350, 1
3, 9362, 1
3, 38102, 1
3, 38198, 1
3, 27098, 1
3, 9326, 1
3, 9266, 1
1, 18940, 2
1, 19564, 2
1, 18508, 2
1, 19612, 2
1, 19036, 2
1, 19432, 2
1, 19252, 2
1, 19084, 2
1, 19072, 2
1, 18688, 2
1, 10096, 2
1, 18460, 2
1, 19240, 2
1, 19396, 2
1, 18676, 2
1, 19300, 2
1, 18784, 2
1, 18952, 2
1, 19000, 2
1, 18928, 2
1, 19696, 2
1, 18436, 2
1, 18484, 2
1, 19216, 2
1, 18532, 2
1, 18796, 2
1, 19372, 2
1, 19576, 2
1, 19492, 2
1, 19588, 2
1, 18880, 2
1, 19204, 2
1, 18724, 2
1, 18328, 2
1, 18592, 2
1, 10108, 2
1, 18712, 2
1, 19384, 2
1, 18820, 2
1, 19144, 2
1, 19180, 2
2, 15109, 2
2, 21337, 2
2, 13945, 2
2, 14365, 2
2, 20461, 2
2, 36517, 2
2, 20209, 2
2, 13801, 2
2, 22189, 2
2, 21253, 2
2, 21505, 2
2, 35485, 2
2, 21973, 2
2, 20545, 2
2, 35893, 2
2, 36205, 2
2, 21589, 2
2, 13789, 2
2, 13561, 2
2, 35761, 2
2, 13465, 2
2, 19777, 2
2, 20929, 2
2, 36157, 2
2, 14533, 2
2, 13909, 2
2, 35029, 2
2, 21757, 2
2, 15925, 2
2, 19909, 2
2, 17029, 2
2, 35521, 2
2, 20005, 2
2, 35845, 2
2, 12961, 2
2, 15937, 2
2, 21397, 2
2, 15577, 2
2, 36097, 2
2, 13597, 2
2, 35749, 2
2, 20713, 2
2, 35701, 2
2, 13933, 2
2, 15541, 2
2, 35629, 2
2, 21709, 2
2, 12481, 2
2, 35317, 2
2, 35965, 2
2, 21409, 2
2, 21349, 2
2, 36481, 2
2, 15553, 2
2, 21133, 2
2, 35245, 2
2, 15517, 2
2, 12781, 2
2, 12193, 2
2, 20293, 2
2, 35833, 2
2, 11725, 2
2, 12469, 2
2, 19669, 2
2, 13813, 2
2, 20689, 2
2, 20197, 2
2, 17329, 2
2, 21001, 2
2, 13249, 2
2, 35017, 2
2, 13657, 2
2, 21313, 2
2, 21805, 2
2, 12385, 2
2, 15289, 2
2, 21949, 2
2, 21985, 2
2, 8773, 2
2, 21073, 2
2, 35065, 2
2, 22009, 2
2, 35665, 2
2, 21853, 2
2, 15853, 2
2, 13189, 2
2, 21841, 2
2, 12505, 2
2, 15601, 2
2, 22141, 2
2, 21697, 2
2, 35413, 2
2, 16861, 2
2, 36025, 2
2, 36589, 2
2, 19657, 2
2, 22285, 2
2, 21649, 2
2, 20701, 2
2, 15085, 2
2, 14125, 2
2, 21769, 2
2, 12925, 2
2, 15877, 2
2, 13105, 2
2, 22033, 2
2, 20137, 2
2, 8845, 2
2, 12937, 2
2, 22333, 2
2, 15421, 2
2, 36241, 2
2, 20089, 2
2, 13861, 2
2, 36361, 2
2, 13141, 2
2, 20425, 2
2, 35089, 2
2, 12913, 2
2, 20845, 2
2, 36757, 2
2, 19621, 2
2, 13081, 2
2, 12157, 2
2, 11893, 2
2, 22225, 2
2, 15169, 2
2, 12805, 2
2, 20101, 2
2, 34993, 2
2, 20377, 2
2, 13405, 2
2, 12337, 2
2, 20749, 2
2, 22129, 2
2, 36001, 2
2, 20473, 2
2, 14497, 2
2, 35941, 2
2, 35821, 2
2, 22105, 2
2, 22453, 2
2, 21997, 2
2, 11773, 2
2, 11845, 2
2, 21109, 2
2, 16849, 2
2, 37513, 2
2, 20533, 2
2, 13033, 2
2, 19573, 2
2, 15445, 2
2, 20509, 2
2, 13309, 2
2, 20581, 2
2, 14173, 2
2, 20665, 2
2, 22021, 2
2, 35197, 2
2, 36133, 2
2, 35809, 2
2, 22153, 2
2, 36493, 2
2, 35185, 2
2, 16945, 2
2, 35209, 2
2, 36745, 2
2, 13885, 2
2, 21733, 2
2, 35269, 2
2, 35737, 2
2, 37489, 2
2, 37453, 2
2, 14569, 2
2, 35653, 2
2, 17017, 2
2, 15385, 2
2, 13021, 2
2, 37417, 2
2, 13009, 2
2, 21229, 2
2, 14437, 2
2, 8821, 2
2, 13093, 2
2, 12793, 2
2, 19537, 2
2, 21421, 2
2, 21325, 2
2, 22405, 2
2, 12901, 2
2, 17101, 2
2, 20833, 2
2, 20305, 2
2, 36229, 2
2, 15073, 2
2, 21145, 2
2, 20401, 2
2, 11977, 2
2, 35449, 2
2, 17365, 2
2, 11869, 2
2, 15349, 2
2, 13825, 2
2, 16813, 2
2, 36169, 2
2, 13513, 2
2, 13573, 2
2, 15889, 2
2, 13501, 2
2, 19609, 2
2, 21625, 2
2, 21601, 2
2, 15313, 2
2, 19753, 2
2, 12301, 2
2, 37465, 2
2, 21493, 2
2, 20773, 2
2, 22369, 2
2, 12313, 2
2, 22477, 2
2, 22165, 2
2, 12181, 2
2, 12493, 2
2, 13849, 2
2, 21637, 2
2, 13285, 2
2, 19789, 2
2, 21529, 2
2, 16957, 2
2, 19693, 2
2, 19681, 2
2, 15145, 2
2, 15613, 2
2, 20245, 2
2, 12733, 2
2, 13993, 2
2, 12373, 2
2, 20341, 2
2, 14485, 2
2, 19729, 2
2, 36037, 2
2, 21829, 2
3, 10862, 2
3, 16826, 2
3, 28034, 2
3, 31922, 2
3, 29930, 2
3, 4622, 2
3, 17498, 2
3, 32354, 2
3, 28058, 2
3, 31586, 2
3, 33098, 2
3, 33218, 2
3, 30026, 2
3, 16730, 2
3, 33398, 2
3, 9962, 2
3, 33530, 2
3, 10730, 2
3, 29858, 2
3, 18914, 2
3, 33590, 2
3, 10886, 2
3, 28250, 2
3, 30410, 2
3, 18806, 2
3, 4574, 2
3, 19406, 2
3, 18326, 2
3, 31766, 2
3, 18866, 2
3, 16586, 2
3, 27506, 2
3, 10202, 2
3, 18854, 2
3, 33110, 2
3, 11294, 2
3, 33038, 2
3, 31670, 2
3, 26942, 2
3, 26798, 2
3, 26726, 2
3, 29390, 2
3, 11234, 2
3, 33422, 2
3, 29810, 2
3, 17942, 2
3, 27854, 2
3, 18770, 2
3, 10046, 2
3, 29402, 2
3, 32714, 2
3, 32966, 2
3, 32258, 2
3, 30266, 2
3, 30110, 2
3, 30242, 2
3, 31778, 2
3, 27998, 2
3, 26810, 2
3, 10742, 2
3, 10922, 2
3, 17270, 2
3, 32618, 2
3, 32174, 2
3, 33602, 2
3, 4646, 2
3, 11138, 2
3, 32126, 2
3, 29558, 2
3, 18554, 2
3, 28094, 2
3, 17774, 2
3, 32570, 2
3, 32030, 2
3, 33254, 2
3, 16670, 2
3, 29450, 2
3, 33638, 2
3, 11270, 2
3, 32882, 2
3, 27662, 2
3, 18962, 2
3, 26774, 2
3, 17930, 2
3, 19358, 2
3, 29954, 2
3, 31814, 2
3, 10790, 2
3, 28142, 2
3, 16766, 2
3, 18194, 2
3, 10466, 2
3, 26690, 2
3, 29582, 2
3, 36386, 2
3, 31466, 2
3, 27962, 2
3, 32822, 2
3, 32102, 2
3, 32198, 2
3, 32582, 2
3, 18650, 2
3, 16850, 2
3, 33662, 2
3, 30278, 2
3, 17522, 2
3, 17510, 2
3, 29330, 2
3, 31850, 2
3, 33206, 2
3, 10190, 2
3, 11090, 2
3, 18890, 2
3, 10814, 2
3, 17690, 2
3, 28358, 2
3, 10070, 2
3, 26990, 2
3, 17210, 2
3, 31562, 2
3, 17870, 2
3, 17534, 2
3, 10910, 2
3, 4634, 2
3, 18518, 2
3, 36434, 2
3, 10514, 2
3, 10166, 2
3, 32666, 2
3, 28046, 2
3, 26882, 2
3, 33578, 2
3, 32402, 2
3, 16886, 2
3, 18182, 2
3, 10442, 2
3, 33026, 2
3, 32678, 2
3, 18218, 2
3, 17306, 2
3, 32306, 2
3, 33758, 2
3, 10586, 2
3, 17222, 2
3, 33062, 2
3, 29726, 2
3, 10262, 2
3, 31382, 2
3, 10994, 2
3, 29774, 2
3, 16790, 2
3, 18782, 2
3, 27710, 2
3, 26954, 2
3, 19118, 2
3, 26618, 2
3, 16538, 2
3, 10154, 2
3, 32438, 2
3, 16574, 2
3, 10082, 2
3, 27674, 2
3, 28274, 2
3, 17978, 2
3, 17282, 2
3, 30086, 2
3, 10490, 2
3, 29522, 2
3, 33302, 2
3, 16550, 2
3, 18926, 2
3, 10694, 2
3, 27638, 2
3, 17078, 2
3, 31418, 2
3, 16754, 2
3, 26702, 2
3, 27782, 2
3, 16682, 2
3, 17330, 2
3, 27530, 2
3, 10022, 2
3, 10946, 2
3, 37178, 2
3, 29822, 2
3, 31502, 2
3, 33326, 2
3, 18542, 2
3, 31958, 2
3, 27746, 2
3, 26642, 2
3, 10958, 2
3, 27758, 2
3, 27818, 2
3, 16742, 2
3, 16718, 2
3, 17234, 2
3, 28070, 2
3, 27578, 2
3, 18674, 2
3, 11210, 2
3, 10322, 2
3, 30182, 2
3, 19130, 2
3, 33350, 2
3, 33566, 2
3, 28214, 2
3, 11282, 2
3, 17198, 2
3, 26918, 2
3, 31982, 2
3, 26834, 2
3, 32078, 2
3, 9986, 2
3, 11054, 2
3, 32642, 2
3, 32270, 2
3, 11330, 2
3, 26654, 2
3, 17858, 2
3, 32186, 2
3, 18818, 2
3, 31646, 2
3, 10298, 2
3, 32558, 2
3, 32858, 2
3, 10334, 2
3, 17894, 2
3, 29642, 2
3, 26606, 2
3, 28286, 2
3, 37322, 2
3, 17486, 2
3, 31994, 2
3, 10874, 2
3, 30446, 2
3, 31610, 2
3, 17126, 2
3, 32462, 2
3, 28010, 2
3, 31886, 2
3, 4586, 2
3, 29366, 2
3, 29966, 2
3, 9998, 2
3, 19370, 2
3, 10682, 2
1, 29056, 3
1, 29908, 3
1, 29932, 3
1, 30556, 3
1, 29188, 3
1, 30004, 3
1, 29020, 3
1, 29512, 3
1, 30352, 3
1, 30532, 3
1, 30148, 3
1, 30484, 3
1, 29164, 3
1, 29980, 3
1, 29620, 3
1, 29656, 3
1, 28936, 3
1, 30544, 3
1, 30328, 3
1, 30424, 3
1, 29140, 3
1, 30208, 3
1, 30364, 3
1, 29920, 3
1, 29704, 3
1, 29944, 3
1, 30520, 3
1, 30244, 3
1, 30016, 3
1, 30196, 3
1, 29296, 3
1, 29356, 3
1, 29860, 3
1, 29044, 3
1, 29992, 3
1, 30436, 3
1, 29416, 3
1, 29836, 3
1, 29080, 3
1, 29896, 3
1, 29500, 3
1, 30136, 3
1, 30412, 3
1, 30052, 3
1, 30292, 3
1, 29872, 3
1, 29632, 3
1, 30172, 3
2, 1573, 3
2, 1585, 3
2, 1597, 3
3, 4214, 3
3, 22274, 3
3, 4454, 3
3, 21986, 3
3, 22238, 3
3, 4478, 3
3, 1682, 3
3, 1742, 3
3, 21950, 3
3, 4490, 3
3, 22358, 3
3, 21842, 3
3, 22130, 3
3, 22034, 3
3, 22070, 3
3, 22298, 3
3, 21866, 3
3, 22082, 3
3, 22094, 3
3, 4142, 3
3, 22022, 3
3, 22250, 3
3, 1706, 3
3, 22346, 3
3, 22106, 3
3, 22046, 3
1, 17200, 4
1, 8560, 4
1, 34528, 4
1, 14800, 4
1, 11608, 4
1, 38536, 4
1, 832, 4
1, 20716, 4
1, 34648, 4
1, 7612, 4
1, 820, 4
1, 32440, 4
1, 26704, 4
1, 254, 4
1, 22348, 4
1, 8728, 4
1, 28504, 4
1, 33592, 4
1, 37912, 4
1, 34360, 4
1, 4600, 4
1, 8080, 4
1, 5548, 4
1, 26680, 4
1, 1252, 4
1, 7348, 4
1, 28696, 4
1, 34036, 4
1, 35404, 4
1, 18136, 4
1, 28420, 4
1, 1780, 4
1, 26692, 4
1, 4840, 4
1, 32896, 4
1, 9064, 4
1, 1828, 4
1, 21340, 4
1, 7732, 4
1, 17332, 4
1, 14020, 4
1, 34372, 4
1, 21904, 4
1, 9172, 4
1, 22276, 4
1, 2320, 4
1, 28168, 4
1, 23860, 4
1, 34024, 4
1, 21964, 4
1, 35524, 4
1, 20872, 4
1, 33328, 4
1, 23692, 4
1, 23080, 4
1, 3316, 4
1, 21208, 4
1, 5488, 4
1, 3448, 4
1, 6448, 4
1, 5848, 4
1, 19900, 4
1, 7792, 4
1, 27340, 4
1, 20608, 4
1, 5632, 4
1, 3100, 4
1, 652, 4
1, 23716, 4
1, 27184, 4
1, 15136, 4
1, 27208, 4
1, 33904, 4
1, 1492, 4
1, 2128, 4
1, 22108, 4
1, 21856, 4
1, 14164, 4
1, 12544, 4
1, 20272, 4
1, 33964, 4
1, 33244, 4
1, 32704, 4
1, 26464, 4
1, 8140, 4
1, 25300, 4
1, 14752, 4
1, 20596, 4
1, 24832, 4
1, 3496, 4
1, 4612, 4
1, 20056, 4
1, 3976, 4
1, 17380, 4
1, 2800, 4
1, 19780, 4
1, 15928, 4
1, 24388, 4
1, 11572, 4
1, 24364, 4
1, 14056, 4
1, 2272, 4
1, 4744, 4
1, 6748, 4
1, 23260, 4
1, 2008, 4
1, 24352, 4
1, 14068, 4
1, 17860, 4
1, 16528, 4
1, 1804, 4
1, 7360, 4
1, 35020, 4
1, 33712, 4
1, 13168, 4
1, 25792, 4
1, 38212, 4
1, 12640, 4
1, 28240, 4
1, 13720, 4
1, 33892, 4
1, 15364, 4
1, 26080, 4
1, 7384, 4
1, 12868, 4
1, 37732, 4
1, 8884, 4
1, 1348, 4
1, 21052, 4
1, 4564, 4
1, 8740, 4
1, 7072, 4
1, 15460, 4
1, 13420, 4
1, 4204, 4
1, 21580, 4
1, 4684, 4
1, 4852, 4
1, 24220, 4
1, 27172, 4
1, 34720, 4
1, 14944, 4
1, 13900, 4
1, 9076, 4
1, 5668, 4
1, 2776, 4
1, 35656, 4
1, 25132, 4
1, 33772, 4
1, 8380, 4
1, 11548, 4
1, 12988, 4
1, 32488, 4
1, 20656, 4
1, 28792, 4
1, 24892, 4
1, 6856, 4
1, 34624, 4
1, 23704, 4
1, 15856, 4
1, 18148, 4
1, 35416, 4
1, 28024, 4
1, 3892, 4
1, 24724, 4
1, 14152, 4
1, 7648, 4
1, 25828, 4
1, 33136, 4
1, 16480, 4
1, 3340, 4
1, 15508, 4
1, 520, 4
1, 4012, 4
1, 1144, 4
1, 20668, 4
1, 1576, 4
1, 28600, 4
1, 28828, 4
1, 7180, 4
1, 20152, 4
1, 24376, 4
1, 25984, 4
1, 8992, 4
1, 14620, 4
1, 27460, 4
1, 26284, 4
1, 23776, 4
1, 5176, 4
1, 17620, 4
1, 38008, 4
1, 19948, 4
1, 27256, 4
1, 218, 4
1, 3544, 4
1, 15244, 4
1, 28636, 4
1, 1816, 4
1, 17128, 4
1, 26620, 4
1, 24496, 4
1, 32824, 4
1, 18196, 4
1, 13012, 4
1, 35464, 4
1, 35188, 4
1, 12520, 4
1, 532, 4
1, 23956, 4
1, 25204, 4
1, 28360, 4
1, 26944, 4
1, 35164, 4
1, 122, 4
1, 15832, 4
1, 4732, 4
1, 3520, 4
1, 25228, 4
1, 8788, 4
1, 33808, 4
1, 808, 4
1, 6040, 4
1, 5860, 4
1, 1180, 4
1, 25384, 4
1, 34432, 4
1, 18088, 4
1, 28432, 4
1, 13024, 4
1, 26536, 4
1, 62, 4
1, 9124, 4
1, 14740, 4
1, 31036, 4
1, 24964, 4
1, 26392, 4
1, 14548, 4
1, 1636, 4
1, 31324, 4
1, 26092, 4
1, 27064, 4
1, 11956, 4
1, 3208, 4
1, 34420, 4
1, 15532, 4
1, 134, 4
1, 14596, 4
1, 37816, 4
1, 4264, 4
1, 4192, 4
1, 24508, 4
1, 7972, 4
1, 15280, 4
1, 37528, 4
1, 7576, 4
1, 25324, 4
1, 2920, 4
1, 34816, 4
1, 25888, 4
1, 20368, 4
1, 26932, 4
1, 33496, 4
1, 35776, 4
1, 4348, 4
1, 26896, 4
1, 23908, 4
1, 14200, 4
1, 28468, 4
1, 14344, 4
1, 25504, 4
1, 4660, 4
1, 32884, 4
1, 24004, 4
1, 38, 4
1, 17992, 4
1, 5920, 4
1, 12904, 4
1, 1132, 4
1, 35884, 4
1, 3580, 4
1, 4492, 4
1, 16396, 4
1, 33352, 4
1, 27880, 4
1, 34516, 4
1, 15580, 4
1, 16540, 4
1, 3304, 4
1, 4504, 4
1, 17740, 4
1, 5524, 4
1, 5188, 4
1, 976, 4
1, 21616, 4
1, 17392, 4
1, 11632, 4
1, 35140, 4
1, 5980, 4
1, 26848, 4
1, 30904, 4
1, 23068, 4
1, 34012, 4
1, 16504, 4
1, 18220, 4
1, 15316, 4
1, 13732, 4
1, 7828, 4
1, 12604, 4
1, 21400, 4
1, 3160, 4
1, 20548, 4
1, 15292, 4
1, 7744, 4
1, 37780, 4
1, 23992, 4
1, 23812, 4
1, 27268, 4
1, 8272, 4
1, 3988, 4
1, 688, 4
1, 1300, 4
1, 14860, 4
1, 16000, 4
1, 15256, 4
1, 6484, 4
1, 31228, 4
1, 20680, 4
1, 24940, 4
1, 27988, 4
1, 8848, 4
1, 23368, 4
1, 5164, 4
1, 8308, 4
1, 27400, 4
1, 6844, 4
1, 8632, 4
1, 17440, 4
1, 14692, 4
1, 7324, 4
1, 34456, 4
1, 6940, 4
1, 23836, 4
1, 12388, 4
1, 26632, 4
1, 26380, 4
1, 11596, 4
1, 25060, 4
1, 25708, 4
1, 8452, 4
1, 28456, 4
1, 5056, 4
1, 22132, 4
1, 10624, 4
1, 16312, 4
1, 4672, 4
1, 17572, 4
1, 3508, 4
1, 844, 4
1, 15880, 4
1, 34804, 4
1, 26356, 4
1, 28276, 4
1, 21508, 4
1, 8692, 4
1, 14704, 4
1, 22924, 4
1, 640, 4
1, 16120, 4
1, 13756, 4
1, 15568, 4
1, 13948, 4
1, 27784, 4
1, 8128, 4
1, 26104, 4
1, 1120, 4
1, 15952, 4
1, 34276, 4
1, 27844, 4
1, 24784, 4
1, 23296, 4
1, 20740, 4
1, 230, 4
1, 28840, 4
1, 471, 4
1, 23320, 4
1, 23656, 4
1, 26512, 4
1, 35380, 4
1, 34972, 4
1, 38488, 4
1, 8200, 4
1, 27292, 4
1, 26008, 4
1, 12508, 4
1, 37576, 4
1, 8032, 4
1, 31192, 4
1, 23092, 4
1, 33460, 4
1, 676, 4
1, 20788, 4
1, 8476, 4
1, 17920, 4
1, 37456, 4
1, 26224, 4
1, 4444, 4
1, 22864, 4
1, 13132, 4
1, 5200, 4
1, 12844, 4
1, 940, 4
1, 2344, 4
1, 2152, 4
1, 5020, 4
1, 30988, 4
1, 7672, 4
1, 32812, 4
1, 12052, 4
1, 13408, 4
1, 4036, 4
1, 28372, 4
1, 15472, 4
1, 20140, 4
1, 33580, 4
1, 27148, 4
1, 15592, 4
1, 37744, 4
1, 13384, 4
1, 24952, 4
1, 5620, 4
1, 26872, 4
1, 12748, 4
1, 17656, 4
1, 12772, 4
1, 21496, 4
1, 5500, 4
1, 24280, 4
1, 19756, 4
1, 5836, 4
1, 6460, 4
1, 12628, 4
1, 6760, 4
1, 26668, 4
1, 14668, 4
1, 15724, 4
1, 27832, 4
1, 17884, 4
1, 18172, 4
1, 12820, 4
1, 34960, 4
1, 34612, 4
1, 2896, 4
1, 4948, 4
1, 26128, 4
1, 3268, 4
1, 28660, 4
1, 2260, 4
1, 5644, 4
1, 24700, 4
1, 28648, 4
1, 22612, 4
1, 24664, 4
1, 18076, 4
1, 37708, 4
1, 20176, 4
1, 23824, 4
1, 32788, 4
1, 24052, 4
1, 31048, 4
1, 32344, 4
1, 20116, 4
1, 14320, 4
1, 20092, 4
1, 12760, 4
1, 14776, 4
1, 17680, 4
1, 33160, 4
1, 1336, 4
1, 38620, 4
1, 19708, 4
1, 27640, 4
1, 25624, 4
1, 22300, 4
1, 32932, 4
1, 32392, 4
1, 3664, 4
1, 18040, 4
1, 33448, 4
1, 33616, 4
1, 14764, 4
1, 22636, 4
1, 20752, 4
1, 22396, 4
1, 26188, 4
1, 25540, 4
1, 23212, 4
1, 27244, 4
1, 3472, 4
1, 12940, 4
1, 13072, 4
1, 34636, 4
1, 20728, 4
1, 17896, 4
1, 21820, 4
1, 27796, 4
1, 30976, 4
1, 15556, 4
1, 4168, 4
1, 28060, 4
1, 11620, 4
1, 19744, 4
1, 4072, 4
1, 24424, 4
1, 17968, 4
1, 20020, 4
1, 27868, 4
1, 16444, 4
1, 16456, 4
1, 20500, 4
1, 33868, 4
1, 37972, 4
1, 35608, 4
1, 1324, 4
1, 22216, 4
1, 13288, 4
1, 13276, 4
1, 20440, 4
1, 14560, 4
1, 15496, 4
1, 4120, 4
1, 27712, 4
1, 23788, 4
1, 32620, 4
1, 4384, 4
1, 34348, 4
1, 18268, 4
1, 2332, 4
1, 2212, 4
1, 8536, 4
1, 37864, 4
1, 32416, 4
1, 25492, 4
1, 20428, 4
1, 26476, 4
1, 3436, 4
1, 31132, 4
1, 350, 4
1, 15040, 4
1, 6964, 4
1, 21808, 4
1, 13300, 4
1, 5128, 4
1, 1840, 4
1, 24820, 4
1, 14584, 4
1, 35332, 4
1, 3604, 4
1, 32500, 4
1, 16408, 4
1, 23200, 4
1, 34096, 4
1, 35620, 4
1, 19888, 4
1, 17764, 4
1, 23104, 4
1, 8872, 4
1, 1312, 4
1, 32872, 4
1, 2224, 4
1, 21544, 4
1, 30952, 4
1, 5428, 4
1, 24304, 4
1, 31288, 4
1, 33076, 4
1, 35956, 4
1, 4708, 4
1, 22036, 4
1, 27352, 4
1, 6832, 4
1, 26452, 4
1, 23236, 4
1, 26200, 4
1, 22336, 4
1, 21256, 4
1, 35488, 4
1, 13336, 4
1, 5368, 4
1, 13708, 4
1, 17176, 4
1, 14428, 4
1, 5884, 4
1, 35932, 4
1, 37408, 4
1, 37444, 4
1, 23932, 4
1, 7228, 4
1, 12208, 4
1, 14092, 4
1, 24136, 4
1, 32512, 4
1, 12304, 4
1, 28864, 4
1, 7156, 4
1, 15676, 4
1, 28204, 4
1, 2356, 4
1, 25636, 4
1, 28072, 4
1, 34564, 4
1, 6736, 4
1, 242, 4
1, 20632, 4
1, 50, 4
1, 22324, 4
1, 32548, 4
1, 24880, 4
1, 1432, 4
1, 17692, 4
1, 34300, 4
1, 38080, 4
1, 17164, 4
1, 25588, 4
1, 6424, 4
1, 3616, 4
1, 37948, 4
1, 38248, 4
1, 11920, 4
1, 35476, 4
1, 8044, 4
1, 4024, 4
1, 2164, 4
1, 33736, 4
1, 14272, 4
1, 2824, 4
1, 33688, 4
1, 8104, 4
1, 12244, 4
1, 6016, 4
1, 17644, 4
1, 34060, 4
1, 12976, 4
1, 26332, 4
1, 21604, 4
1, 23248, 4
1, 3052, 4
1, 21148, 4
1, 2848, 4
1, 916, 4
1, 266, 4
1, 5584, 4
1, 25288, 4
1, 12172, 4
1, 34408, 4
1, 17092, 4
1, 16144, 4
1, 16024, 4
1, 20188, 4
1, 37564, 4
1, 34288, 4
1, 22000, 4
1, 34444, 4
1, 37852, 4
1, 22984, 4
1, 4768, 4
1, 28816, 4
1, 7000, 4
1, 17104, 4
1, 21196, 4
1, 34264, 4
1, 26164, 4
1, 20512, 4
1, 15448, 4
1, 22936, 4
1, 33052, 4
1, 8908, 4
1, 35836, 4
1, 12412, 4
1, 1996, 4
1, 19816, 4
1, 33568, 4
1, 5692, 4
1, 32368, 4
1, 22648, 4
1, 16012, 4
1, 16348, 4
1, 13060, 4
1, 14296, 4
1, 23404, 4
1, 31264, 4
1, 7480, 4
1, 8344, 4
1, 5656, 4
1, 15916, 4
1, 23164, 4
1, 22996, 4
1, 24736, 4
1, 24400, 4
1, 7132, 4
1, 9052, 4
1, 20320, 4
1, 28252, 4
1, 13264, 4
1, 5332, 4
1, 4096, 4
1, 24160, 4
1, 4756, 4
1, 24532, 4
1, 31204, 4
1, 6892, 4
1, 33700, 4
1, 13456, 4
1, 33652, 4
1, 5788, 4
1, 278, 4
1, 17788, 4
1, 13576, 4
1, 12124, 4
1, 15172, 4
1, 1552, 4
1, 12160, 4
1, 14536, 4
1, 17236, 4
1, 17272, 4
1, 33304, 4
1, 38044, 4
1, 22756, 4
1, 12592, 4
1, 23944, 4
1, 20764, 4
1, 5752, 4
1, 14308, 4
1, 22048, 4
1, 13684, 4
1, 12076, 4
1, 38668, 4
1, 15868, 4
1, 19804, 4
1, 12964, 4
1, 7600, 4
1, 35080, 4
1, 35296, 4
1, 23284, 4
1, 1420, 4
1, 24316, 4
1, 22516, 4
1, 38236, 4
1, 27088, 4
1, 26044, 4
1, 20692, 4
1, 17248, 4
1, 5596, 4
1, 928, 4
1, 13084, 4
1, 11584, 4
1, 14716, 4
1, 35944, 4
1, 7096, 4
1, 7396, 4
1, 21268, 4
1, 32776, 4
1, 3808, 4
1, 26740, 4
1, 26404, 4
1, 3652, 4
1, 22204, 4
1, 27232, 4
1, 38500, 4
1, 13600, 4
1, 1012, 4
1, 27904, 4
1, 14824, 4
1, 26572, 4
1, 34156, 4
1, 35512, 4
1, 15988, 4
1, 32920, 4
1, 2980, 4
1, 6364, 4
1, 27580, 4
1, 2092, 4
1, 22708, 4
1, 6808, 4
1, 13840, 4
1, 32680, 4
1, 35056, 4
1, 34900, 4
1, 7564, 4
1, 32572, 4
1, 33820, 4
1, 4516, 4
1, 15124, 4
1, 17068, 4
1, 26584, 4
1, 23380, 4
1, 22888, 4
1, 22564, 4
1, 8188, 4
1, 22432, 4
1, 16324, 4
1, 12376, 4
1, 21352, 4
1, 37900, 4
1, 20932, 4
1, 34120, 4
1, 32848, 4
1, 7768, 4
1, 33004, 4
1, 16240, 4
1, 15820, 4
1, 13216, 4
1, 28732, 4
1, 26644, 4
1, 8116, 4
1, 1600, 4
1, 25276, 4
1, 24184, 4
1, 12280, 4
2, 4237, 4
2, 15745, 4
2, 27781, 4
2, 33073, 4
2, 409, 4
2, 7261, 4
2, 7213, 4
2, 1153, 4
2, 12589, 4
2, 17293, 4
2, 8521, 4
2, 15985, 4
2, 10405, 4
2, 6577, 4
2, 169, 4
2, 24361, 4
2, 33169, 4
2, 10633, 4
2, 28897, 4
2, 28777, 4
2, 1105, 4
2, 16501, 4
2, 16585, 4
2, 4249, 4
2, 28981, 4
2, 16309, 4
2, 10021, 4
2, 28729, 4
2, 16597, 4
2, 26293, 4
2, 5473, 4
2, 6913, 4
2, 7933, 4
2, 14209, 4
2, 16357, 4
2, 32893, 4
2, 5005, 4
2, 15949, 4
2, 889, 4
2, 24781, 4
2, 5809, 4
2, 33049, 4
2, 6457, 4
2, 12061, 4
2, 14785, 4
2, 18085, 4
2, 34201, 4
2, 23233, 4
2, 28849, 4
2, 26713, 4
2, 17161, 4
2, 18097, 4
2, 23557, 4
2, 11389, 4
2, 37837, 4
2, 38665, 4
2, 29017, 4
2, 12085, 4
2, 14197, 4
2, 23389, 4
2, 15001, 4
2, 661, 4
2, 29185, 4
2, 28753, 4
2, 26449, 4
2, 11089, 4
2, 33397, 4
2, 4417, 4
2, 17809, 4
2, 10261, 4
2, 4537, 4
2, 34621, 4
2, 24289, 4
2, 26233, 4
2, 3961, 4
2, 33253, 4
2, 8257, 4
2, 2233, 4
2, 6817, 4
2, 5761, 4
2, 4369, 4
2, 4153, 4
2, 18853, 4
2, 1285, 4
2, 1933, 4
2, 5665, 4
2, 4741, 4
2, 27997, 4
2, 23761, 4
2, 3469, 4
2, 10009, 4
2, 7993, 4
2, 4381, 4
2, 16405, 4
2, 26833, 4
2, 28765, 4
2, 7105, 4
2, 25021, 4
2, 1081, 4
2, 24505, 4
2, 34549, 4
2, 6889, 4
2, 10753, 4
2, 1465, 4
2, 33181, 4
2, 1237, 4
2, 38209, 4
2, 12829, 4
2, 469, 4
2, 26677, 4
2, 6973, 4
2, 26461, 4
2, 24517, 4
2, 38569, 4
2, 865, 4
2, 3793, 4
2, 18661, 4
2, 32245, 4
2, 12601, 4
2, 38581, 4
2, 14701, 4
2, 10801, 4
2, 3757, 4
2, 7609, 4
2, 28609, 4
2, 29065, 4
2, 6877, 4
2, 5221, 4
2, 27505, 4
2, 32161, 4
2, 23413, 4
2, 26617, 4
2, 24181, 4
2, 25261, 4
2, 24613, 4
2, 37597, 4
2, 17257, 4
2, 38305, 4
2, 23101, 4
2, 1069, 4
2, 25633, 4
2, 16057, 4
2, 25909, 4
2, 23569, 4
2, 2221, 4
2, 23713, 4
2, 25225, 4
2, 11485, 4
2, 4825, 4
2, 11365, 4
2, 27325, 4
2, 7117, 4
2, 25957, 4
2, 11305, 4
2, 241, 4
2, 7597, 4
2, 4105, 4
2, 337, 4
2, 23185, 4
2, 25993, 4
2, 26701, 4
2, 16129, 4
2, 18349, 4
2, 37669, 4
2, 12841, 4
2, 11149, 4
2, 28009, 4
2, 5797, 4
2, 6493, 4
2, 18301, 4
2, 32917, 4
2, 265, 4
2, 23161, 4
2, 38149, 4
2, 6589, 4
2, 18817, 4
2, 5617, 4
2, 26269, 4
2, 32281, 4
2, 14749, 4
2, 16549, 4
2, 38545, 4
2, 37909, 4
2, 25669, 4
2, 25657, 4
2, 16477, 4
2, 23737, 4
2, 1861, 4
2, 15661, 4
2, 11677, 4
2, 23581, 4
2, 28309, 4
2, 27265, 4
2, 29473, 4
2, 7141, 4
2, 385, 4
2, 26989, 4
2, 28453, 4
2, 29041, 4
2, 2185, 4
2, 28921, 4
2, 8005, 4
2, 34213, 4
2, 23701, 4
2, 3985, 4
2, 25489, 4
2, 10141, 4
2, 10129, 4
2, 24133, 4
2, 24313, 4
2, 24889, 4
2, 23653, 4
2, 12049, 4
2, 19261, 4
2, 25861, 4
2, 25213, 4
2, 5401, 4
2, 4465, 4
2, 19189, 4
2, 3397, 4
2, 18061, 4
2, 23881, 4
2, 10321, 4
2, 11557, 4
2, 14305, 4
2, 10441, 4
2, 14845, 4
2, 4789, 4
2, 4681, 4
2, 26749, 4
2, 25177, 4
2, 29197, 4
2, 11161, 4
2, 3577, 4
2, 7945, 4
2, 28429, 4
2, 28333, 4
2, 12145, 4
2, 1957, 4
2, 505, 4
2, 6445, 4
2, 7297, 4
2, 17833, 4
2, 12097, 4
2, 27841, 4
2, 19369, 4
2, 4705, 4
2, 24097, 4
2, 1969, 4
2, 11689, 4
2, 6637, 4
2, 4357, 4
2, 4561, 4
2, 38509, 4
2, 5041, 4
2, 37789, 4
2, 16489, 4
2, 25273, 4
2, 6829, 4
2, 26869, 4
2, 11257, 4
2, 25717, 4
2, 10873, 4
2, 27229, 4
2, 17041, 4
2, 16189, 4
2, 26317, 4
2, 18229, 4
2, 24337, 4
2, 11101, 4
2, 28189, 4
2, 4693, 4
2, 7033, 4
2, 12001, 4
2, 4285, 4
2, 34645, 4
2, 26209, 4
2, 28357, 4
2, 685, 4
2, 27853, 4
2, 15721, 4
2, 15733, 4
2, 4081, 4
2, 11641, 4
2, 27445, 4
2, 29365, 4
2, 3877, 4
2, 3817, 4
2, 38113, 4
2, 5209, 4
2, 25393, 4
2, 11425, 4
2, 33325, 4
2, 1405, 4
2, 3745, 4
2, 26653, 4
2, 25597, 4
2, 6733, 4
2, 29485, 4
2, 10237, 4
2, 23437, 4
2, 18373, 4
2, 22501, 4
2, 16717, 4
2, 7909, 4
2, 28249, 4
2, 33577, 4
2, 27949, 4
2, 4213, 4
2, 27793, 4
2, 24541, 4
2, 12853, 4
2, 26281, 4
2, 29341, 4
2, 2041, 4
2, 16429, 4
2, 26509, 4
2, 8185, 4
2, 34333, 4
2, 697, 4
2, 25321, 4
2, 25729, 4
2, 6709, 4
2, 4225, 4
2, 9733, 4
2, 17761, 4
2, 26857, 4
2, 19405, 4
2, 17737, 4
2, 27769, 4
2, 24217, 4
2, 19477, 4
2, 589, 4
2, 27913, 4
2, 3865, 4
2, 12613, 4
2, 23329, 4
2, 8221, 4
2, 8281, 4
2, 4837, 4
2, 11521, 4
2, 11713, 4
2, 4393, 4
2, 10249, 4
2, 5149, 4
2, 38041, 4
2, 19513, 4
2, 13693, 4
2, 28873, 4
2, 1489, 4
2, 26725, 4
2, 28273, 4
2, 9973, 4
2, 18649, 4
2, 16561, 4
2, 18829, 4
2, 24733, 4
2, 16297, 4
2, 18877, 4
2, 7573, 4
2, 1045, 4
2, 7057, 4
2, 18445, 4
2, 11293, 4
2, 5713, 4
2, 17941, 4
2, 24109, 4
2, 33493, 4
2, 23209, 4
2, 15625, 4
2, 27685, 4
2, 18409, 4
2, 38701, 4
2, 33313, 4
2, 1369, 4
2, 7273, 4
2, 7969, 4
2, 1681, 4
2, 18457, 4
2, 15685, 4
2, 5461, 4
2, 33289, 4
2, 33613, 4
2, 37981, 4
2, 38641, 4
2, 1429, 4
2, 3589, 4
2, 5557, 4
2, 11053, 4
2, 32053, 4
2, 1141, 4
2, 14257, 4
2, 38293, 4
2, 2113, 4
2, 22489, 4
2, 26005, 4
2, 277, 4
2, 25549, 4
2, 18889, 4
2, 5593, 4
2, 27073, 4
2, 24985, 4
2, 10177, 4
2, 26485, 4
2, 25741, 4
2, 577, 4
2, 1189, 4
2, 23893, 4
2, 28813, 4
2, 25285, 4
2, 17449, 4
2, 11041, 4
2, 6529, 4
2, 27973, 4
2, 37873, 4
2, 28105, 4
2, 5629, 4
2, 12661, 4
2, 7081, 4
2, 5485, 4
2, 5245, 4
2, 10825, 4
2, 18433, 4
2, 26497, 4
2, 38245, 4
2, 32137, 4
2, 24877, 4
2, 32113, 4
2, 18397, 4
2, 10225, 4
2, 27625, 4
2, 8545, 4
2, 28789, 4
2, 9769, 4
2, 6361, 4
2, 17821, 4
2, 16225, 4
2, 7585, 4
2, 10417, 4
2, 1, 4
2, 24973, 4
2, 25297, 4
2, 5569, 4
2, 18865, 4
2, 33085, 4
2, 18241, 4
2, 9757, 4
2, 4957, 4
2, 16669, 4
2, 24661, 4
2, 19237, 4
2, 25093, 4
2, 7093, 4
2, 36781, 4
2, 34633, 4
2, 1033, 4
2, 6997, 4
2, 28489, 4
2, 25117, 4
2, 17917, 4
2, 32857, 4
2, 13777, 4
2, 32149, 4
2, 23473, 4
2, 24241, 4
2, 29005, 4
2, 841, 4
2, 25837, 4
2, 5137, 4
2, 18721, 4
2, 33361, 4
2, 33565, 4
2, 23941, 4
2, 10837, 4
2, 24949, 4
2, 3433, 4
2, 34273, 4
2, 28237, 4
2, 18049, 4
2, 27409, 4
2, 10465, 4
2, 14281, 4
2, 26257, 4
2, 26557, 4
2, 33505, 4
2, 14737, 4
2, 34081, 4
2, 25873, 4
2, 1657, 4
2, 4981, 4
2, 18037, 4
2, 31993, 4
2, 10057, 4
2, 8017, 4
2, 37957, 4
2, 3541, 4
2, 14761, 4
2, 15973, 4
2, 28261, 4
2, 26161, 4
2, 8497, 4
2, 6865, 4
2, 26737, 4
2, 23497, 4
2, 14581, 4
2, 23365, 4
2, 29257, 4
2, 32881, 4
2, 18637, 4
2, 1609, 4
2, 34141, 4
2, 19501, 4
2, 6373, 4
2, 4069, 4
2, 38281, 4
2, 10285, 4
2, 1993, 4
2, 25237, 4
2, 10525, 4
2, 27901, 4
2, 37705, 4
2, 28957, 4
2, 18073, 4
2, 6853, 4
2, 27745, 4
2, 25753, 4
2, 4201, 4
2, 11029, 4
2, 1165, 4
2, 3457, 4
2, 18625, 4
2, 5725, 4
2, 15037, 4
2, 38521, 4
2, 6433, 4
2, 27733, 4
2, 7129, 4
2, 289, 4
2, 37729, 4
2, 673, 4
2, 8077, 4
2, 24853, 4
2, 12073, 4
2, 253, 4
2, 10369, 4
2, 14965, 4
2, 27289, 4
2, 23629, 4
2, 37573, 4
2, 29173, 4
2, 6517, 4
2, 9997, 4
2, 8137, 4
2, 10849, 4
2, 34585, 4
2, 16153, 4
2, 733, 4
2, 7633, 4
2, 16201, 4
2, 11197, 4
2, 25777, 4
2, 1201, 4
2, 16693, 4
2, 25141, 4
2, 4753, 4
2, 16525, 4
2, 23173, 4
2, 34573, 4
2, 25081, 4
2, 6901, 4
2, 26641, 4
2, 1477, 4
2, 4441, 4
2, 85, 4
2, 28825, 4
2, 38065, 4
2, 4765, 4
2, 37717, 4
2, 27145, 4
2, 9721, 4
2, 17269, 4
2, 10897, 4
2, 29437, 4
2, 26761, 4
2, 24265, 4
2, 28501, 4
2, 11533, 4
2, 24385, 4
2, 16681, 4
2, 15769, 4
2, 10513, 4
2, 28597, 4
2, 25453, 4
3, 21422, 4
3, 11522, 4
3, 28442, 4
3, 15242, 4
3, 21722, 4
3, 6554, 4
3, 578, 4
3, 14198, 4
3, 6038, 4
3, 20138, 4
3, 12434, 4
3, 1454, 4
3, 13190, 4
3, 3086, 4
3, 13622, 4
3, 37886, 4
3, 29162, 4
3, 4886, 4
3, 35870, 4
3, 1610, 4
3, 16982, 4
3, 3410, 4
3, 3170, 4
3, 6194, 4
3, 35834, 4
3, 7298, 4
3, 3698, 4
3, 3818, 4
3, 34826, 4
3, 14798, 4
3, 5342, 4
3, 12374, 4
3, 1598, 4
3, 25058, 4
3, 12062, 4
3, 6278, 4
3, 8846, 4
3, 20942, 4
3, 1418, 4
3, 6434, 4
3, 3446, 4
3, 13934, 4
3, 37274, 4
3, 16238, 4
3, 6458, 4
3, 34250, 4
3, 14102, 4
3, 28826, 4
3, 2258, 4
3, 4838, 4
3, 34070, 4
3, 28514, 4
3, 15650, 4
3, 5918, 4
3, 16334, 4
3, 12698, 4
3, 35126, 4
3, 35522, 4
3, 31178, 4
3, 1586, 4
3, 2330, 4
3, 20954, 4
3, 5834, 4
3, 37286, 4
3, 13010, 4
3, 4394, 4
3, 6410, 4
3, 3590, 4
3, 338, 4
3, 12950, 4
3, 6398, 4
3, 13838, 4
3, 12674, 4
3, 25382, 4
3, 13646, 4
3, 36818, 4
3, 20462, 4
3, 950, 4
3, 5894, 4
3, 19082, 4
3, 21050, 4
3, 25118, 4
3, 1802, 4
3, 35090, 4
3, 29018, 4
3, 6374, 4
3, 18266, 4
3, 21254, 4
3, 4742, 4
3, 34730, 4
3, 14882, 4
3, 29246, 4
3, 5198, 4
3, 28874, 4
3, 12314, 4
3, 20810, 4
3, 14942, 4
3, 4298, 4
3, 20306, 4
3, 12566, 4
3, 34778, 4
3, 1538, 4
3, 2138, 4
3, 30158, 4
3, 2102, 4
3, 15998, 4
3, 15014, 4
3, 1262, 4
3, 32606, 4
3, 16082, 4
3, 2198, 4
3, 17042, 4
3, 28790, 4
3, 3098, 4
3, 38078, 4
3, 19850, 4
3, 12818, 4
3, 554, 4
3, 11942, 4
3, 2246, 4
3, 4286, 4
3, 25262, 4
3, 20534, 4
3, 35462, 4
3, 14234, 4
3, 20282, 4
3, 19454, 4
3, 28754, 4
3, 182, 4
3, 4502, 4
3, 15398, 4
3, 12302, 4
3, 35594, 4
3, 37586, 4
3, 36398, 4
3, 19982, 4
3, 1790, 4
3, 16310, 4
3, 16994, 4
3, 28814, 4
3, 20198, 4
3, 326, 4
3, 12686, 4
3, 1754, 4
3, 15026, 4
3, 12878, 4
3, 13766, 4
3, 13466, 4
3, 1250, 4
3, 27410, 4
3, 8318, 4
3, 15422, 4
3, 5282, 4
3, 12650, 4
3, 11846, 4
3, 37922, 4
3, 15434, 4
3, 29282, 4
3, 36854, 4
3, 9518, 4
3, 6170, 4
3, 5666, 4
3, 30470, 4
3, 19994, 4
3, 13358, 4
3, 902, 4
3, 20726, 4
3, 6254, 4
3, 5534, 4
3, 3782, 4
3, 37454, 4
3, 3998, 4
3, 17054, 4
3, 20114, 4
3, 4670, 4
3, 21554, 4
3, 20918, 4
3, 19022, 4
3, 37382, 4
3, 28802, 4
3, 36530, 4
3, 35774, 4
3, 110, 4
3, 6050, 4
3, 19574, 4
3, 37550, 4
3, 20162, 4
3, 8462, 4
3, 218, 4
3, 3134, 4
3, 15950, 4
3, 6122, 4
3, 254, 4
3, 19922, 4
3, 12098, 4
3, 38342, 4
3, 21542, 4
3, 11558, 4
3, 20606, 4
3, 13226, 4
3, 4910, 4
3, 3746, 4
3, 12602, 4
3, 20498, 4
3, 36134, 4
3, 20090, 4
3, 590, 4
3, 37262, 4
3, 25238, 4
3, 34310, 4
3, 25022, 4
3, 3146, 4
3, 5474, 4
3, 3506, 4
3, 12902, 4
3, 34862, 4
3, 5222, 4
3, 614, 4
3, 16502, 4
3, 5006, 4
3, 722, 4
3, 782, 4
3, 35558, 4
3, 4766, 4
3, 11534, 4
3, 3950, 4
3, 3398, 4
3, 15494, 4
3, 12710, 4
3, 11618, 4
3, 11630, 4
3, 29126, 4
3, 21134, 4
3, 28562, 4
3, 19958, 4
3, 15458, 4
3, 26894, 4
3, 9566, 4
3, 266, 4
3, 5162, 4
3, 15074, 4
3, 26, 4
3, 1190, 4
3, 29150, 4
3, 20630, 4
3, 20210, 4
3, 34646, 4
3, 16034, 4
3, 734, 4
3, 19094, 4
3, 19694, 4
3, 9542, 4
3, 12326, 4
3, 3302, 4
3, 8474, 4
3, 15866, 4
3, 11918, 4
3, 12002, 4
3, 32498, 4
3, 16394, 4
3, 19598, 4
3, 38042, 4
3, 1154, 4
3, 37406, 4
3, 14786, 4
3, 6542, 4
3, 11810, 4
3, 6662, 4
3, 25466, 4
3, 36662, 4
3, 650, 4
3, 34814, 4
3, 21290, 4
3, 6386, 4
3, 6686, 4
3, 62, 4
3, 5810, 4
3, 16058, 4
3, 5750, 4
3, 14174, 4
3, 21770, 4
3, 12350, 4
3, 14162, 4
3, 20822, 4
3, 2174, 4
3, 38390, 4
3, 11486, 4
3, 1898, 4
3, 14342, 4
3, 1274, 4
3, 16970, 4
3, 20474, 4
3, 14150, 4
3, 11978, 4
3, 29030, 4
3, 5774, 4
3, 16202, 4
3, 20426, 4
3, 37502, 4
3, 11726, 4
3, 13250, 4
3, 21734, 4
3, 5546, 4
3, 38378, 4
3, 2186, 4
3, 4982, 4
3, 16430, 4
3, 37394, 4
3, 14774, 4
3, 20870, 4
3, 35078, 4
3, 16250, 4
3, 5798, 4
3, 6026, 4
3, 19970, 4
3, 35018, 4
3, 36674, 4
3, 36506, 4
3, 19478, 4
3, 1286, 4
3, 34214, 4
3, 31034, 4
3, 14318, 4
3, 3938, 4
3, 25106, 4
3, 602, 4
3, 5354, 4
3, 21242, 4
3, 18470, 4
3, 38066, 4
3, 98, 4
3, 20546, 4
3, 20738, 4
3, 4898, 4
3, 37598, 4
3, 13022, 4
3, 29186, 4
3, 4682, 4
3, 12806, 4
3, 15050, 4
3, 19058, 4
3, 34226, 4
3, 11546, 4
3, 3626, 4
3, 12410, 4
3, 3494, 4
3, 12242, 4
3, 1514, 4
3, 13490, 4
3, 20714, 4
3, 2150, 4
3, 13610, 4
3, 21038, 4
3, 21098, 4
3, 24266, 4
3, 830, 4
3, 18614, 4
3, 3542, 4
3, 770, 4
3, 37442, 4
3, 12482, 4
3, 28610, 4
3, 13862, 4
3, 14918, 4
3, 37562, 4
3, 8822, 4
3, 8498, 4
3, 24278, 4
3, 18602, 4
3, 4334, 4
3, 7370, 4
3, 19490, 4
3, 374, 4
3, 2402, 4
3, 16022, 4
3, 14462, 4
3, 1778, 4
3, 18626, 4
3, 35114, 4
3, 21026, 4
3, 14402, 4
3, 12134, 4
3, 4514, 4
3, 3614, 4
3, 3914, 4
3, 6314, 4
3, 14354, 4
3, 4862, 4
3, 19634, 4
3, 36326, 4
3, 37226, 4
3, 6134, 4
3, 15554, 4
3, 4718, 4
3, 890, 4
3, 11894, 4
3, 19790, 4
3, 9626, 4
3, 4730, 4
3, 11714, 4
3, 38414, 4
3, 33986, 4
3, 13046, 4
3, 5114, 4
3, 36698, 4
3, 35714, 4
3, 818, 4
3, 16214, 4
3, 12146, 4
3, 1502, 4
3, 11954, 4
3, 14414, 4
3, 1994, 4
3, 21122, 4
3, 20990, 4
3, 8234, 4
3, 20594, 4
3, 22466, 4
3, 13070, 4
3, 12758, 4
3, 5150, 4
3, 20006, 4
3, 14282, 4
3, 6614, 4
3, 16934, 4
3, 12218, 4
3, 21698, 4
3, 2390, 4
3, 29198, 4
3, 12194, 4
3, 35186, 4
3, 16442, 4
3, 8654, 4
3, 21686, 4
3, 1478, 4
3, 14822, 4
3, 26870, 4
3, 12770, 4
3, 28838, 4
3, 2426, 4
3, 28934, 4
3, 20234, 4
3, 29090, 4
3, 638, 4
3, 13442, 4
3, 29102, 4
3, 37802, 4
3, 35702, 4
3, 6086, 4
3, 24914, 4
3, 15314, 4
3, 36758, 4
3, 21746, 4
3, 15230, 4
3, 16418, 4
3, 12026, 4
3, 29066, 4
3, 5846, 4
3, 36518, 4
3, 4922, 4
3, 11966, 4
3, 1226, 4
3, 37334, 4
3, 6338, 4
3, 11798, 4
3, 20678, 4
3, 35054, 4
3, 20702, 4
3, 5618, 4
3, 37778, 4
3, 15878, 4
3, 37970, 4
3, 25346, 4
3, 13238, 4
3, 15326, 4
3, 36482, 4
3, 5786, 4
3, 17030, 4
3, 15782, 4
3, 35666, 4
3, 19202, 4
3, 11678, 4
3, 3686, 4
3, 12158, 4
3, 6482, 4
3, 14126, 4
3, 4826, 4
3, 3638, 4
3, 12926, 4
3, 21326, 4
3, 15518, 4
3, 34946, 4
3, 25250, 4
3, 302, 4
3, 18302, 4
3, 13334, 4
3, 19622, 4
3, 12398, 4
3, 4790, 4
3, 6506, 4
3, 38006, 4
3, 20042, 4
3, 30554, 4
3, 5486, 4
3, 38438, 4
3, 3278, 4
3, 35630, 4
3, 422, 4
3, 28646, 4
3, 21566, 4
3, 19838, 4
3, 4778, 4
3, 13550, 4
3, 4106, 4
3, 1, 4
3, 15926, 4
3, 6518, 4
3, 21602, 4
3, 3902, 4
3, 19310, 4
3, 5870, 4
3, 34718, 4
3, 29258, 4
3, 21170, 4
3, 12110, 4
3, 8054, 4
3, 3110, 4
3, 6230, 4
3, 15710, 4
3, 3218, 4
3, 134, 4
3, 13286, 4
3, 37622, 4
3, 23294, 4
3, 35474, 4
3, 29006, 4
3, 34682, 4
3, 6422, 4
3, 28406, 4
3, 3206, 4
3, 12386, 4
3, 34238, 4
3, 2234, 4
3, 34658, 4
3, 14090, 4
3, 36230, 4
