1, 4
14, 4
26, 4
38, 4
50, 4
62, 4
74, 4
86, 4
98, 4
110, 4
122, 4
134, 4
146, 4
158, 4
170, 4
182, 4
194, 4
206, 4
218, 4
230, 4
242, 4
254, 4
266, 4
278, 4
290, 4
302, 4
314, 4
326, 4
338, 4
350, 4
362, 4
374, 4
386, 4
398, 4
411, 4
423, 4
435, 4
447, 4
459, 4
471, 4
483, 4
496, 4
508, 4
520, 4
532, 4
544, 4
556, 4
568, 4
580, 4
592, 4
604, 4
616, 4
628, 4
640, 4
652, 4
664, 4
676, 4
688, 4
700, 4
712, 4
724, 4
736, 4
748, 4
760, 4
772, 4
784, 4
796, 4
808, 4
820, 4
832, 4
844, 4
856, 4
868, 4
880, 4
892, 4
904, 4
916, 4
928, 4
940, 4
952, 4
964, 4
976, 4
988, 4
1000, 4
1012, 4
1024, 4
1036, 0
1048, 0
1060, 0
1072, 0
1084, 0
1096, 0
1108, 0
1120, 4
1132, 4
1144, 4
1156, 4
1168, 4
1180, 4
1192, 4
1204, 4
1216, 4
1228, 4
1240, 4
1252, 4
1264, 4
1276, 4
1288, 4
1300, 4
1312, 4
1324, 4
1336, 4
1348, 4
1360, 4
1372, 4
1384, 4
1396, 4
1408, 4
1420, 4
1432, 4
1444, 4
1456, 4
1468, 4
1480, 4
1492, 4
1504, 4
1516, 4
1528, 4
1540, 4
1552, 4
1564, 4
1576, 4
1588, 4
1600, 4
1612, 4
1624, 4
1636, 4
1648, 2
1660, 3
1672, 3
1684, 4
1696, 3
1708, 4
1720, 4
1732, 4
1744, 4
1756, 4
1768, 4
1780, 4
1792, 4
1804, 4
1816, 4
1828, 4
1840, 4
1852, 1
1864, 1
1876, 0
1888, 0
1900, 0
1912, 0
1924, 0
1936, 0
1948, 0
1960, 0, 2
1972, 0, 2
1984, 4
1996, 4
2008, 4
2020, 4
2032, 4
2044, 4
2056, 4
2068, 4
2080, 4
2092, 4
2104, 4
2116, 4
2128, 4
2140, 4
2152, 4
2164, 4
2176, 4
2188, 4
2200, 4
2212, 4
2224, 4
2236, 4
2248, 4
2260, 4
2272, 4
2284, 4
2296, 4
2308, 4
2320, 4
2332, 4
2344, 4
2356, 4
2368, 0
2380, 0
2392, 0
2404, 0
2416, 0
2428, 0
2440, 0
2452, 0
2464, 0
2476, 0
2488, 0
2500, 0
2512, 0
2524, 0
2536, 0
2548, 0
2560, 0
2572, 0
2584, 0
2596, 0
2608, 0
2620, 0
2632, 0
2644, 0
2656, 0
2668, 0
2680, 0
2692, 0
2704, 0
2716, 0
2728, 0
2740, 4
2752, 4
2764, 4
2776, 4
2788, 4
2800, 4
2812, 4
2824, 4
2836, 4
2848, 4
2860, 4
2872, 4
2884, 4
2896, 4
2908, 4
2920, 4
2932, 4
2944, 4
2956, 4
2968, 4
2980, 4
2992, 4
3004, 4
3016, 4
3028, 4
3040, 4
3052, 4
3064, 4
3076, 4
3088, 4
3100, 4
3112, 4
3124, 4
3136, 4
3148, 4
3160, 4
3172, 4
3184, 4
3196, 4
3208, 4
3220, 4
3232, 4
3244, 4
3256, 4
3268, 4
3280, 4
3292, 4
3304, 4
3316, 4
3328, 4
3340, 4
3352, 4
3364, 4
3376, 4
3388, 4
3400, 4
3412, 4
3424, 4
3436, 4
3448, 4
3460, 4
3472, 4
3484, 4
3496, 4
3508, 4
3520, 4
3532, 4
3544, 4
3556, 4
3568, 4
3580, 4
3592, 4
3604, 4
3616, 4
3628, 4
3640, 4
3652, 4
3664, 4
3676, 4
3688, 4
3700, 4
3712, 4
3724, 4
3736, 4
3748, 4
3760, 4
3772, 4
3784, 4
3796, 4
3808, 4
3820, 4
3832, 4
3844, 4
3856, 4
3868, 4
3880, 4
3892, 4
3904, 4
3916, 4
3928, 4
3940, 4
3952, 4
3964, 4
3976, 4
3988, 4
4000, 4
4012, 4
4024, 4
4036, 4
4048, 4
4060, 4
4072, 4
4084, 4
4096, 4
4108, 4
4120, 4
4132, 4
4144, 4
4156, 4
4168, 4
4180, 4
4192, 4
4204, 4
4216, 4
4228, 4
4240, 4
4252, 4
4264, 4
4276, 4
4288, 4
4300, 4
4312, 4
4324, 4
4336, 4
4348, 4
4360, 4
4372, 4
4384, 4
4396, 4
4408, 4
4420, 4
4432, 4
4444, 4
4456, 4
4468, 4
4480, 4
4492, 4
4504, 4
4516, 4
4528, 4
4540, 4
4552, 4
4564, 4
4576, 4
4588, 4
4600, 4
4612, 4
4624, 4
4636, 4
4648, 4
4660, 4
4672, 4
4684, 4
4696, 4
4708, 4
4720, 4
4732, 4
4744, 4
4756, 4
4768, 4
4780, 4
4792, 4
4804, 4
4816, 4
4828, 4
4840, 4
4852, 4
4864, 4
4876, 4
4888, 4
4900, 4
4912, 4
4924, 4
4936, 4
4948, 4
4960, 4
4972, 4
4984, 4
4996, 4
5008, 4
5020, 4
5032, 4
5044, 4
5056, 4
5068, 4
5080, 4
5092, 4
5104, 4
5116, 4
5128, 4
5140, 4
5152, 4
5164, 4
5176, 4
5188, 4
5200, 4
5212, 4
5224, 4
5236, 4
5248, 4
5260, 4
5272, 4
5284, 4
5296, 4
5308, 4
5320, 4
5332, 4
5344, 4
5356, 4
5368, 4
5380, 4
5392, 4
5404, 4
5416, 4
5428, 4
5440, 4
5452, 4
5464, 4
5476, 4
5488, 4
5500, 4
5512, 4
5524, 4
5536, 4
5548, 4
5560, 4
5572, 4
5584, 4
5596, 4
5608, 4
5620, 4
5632, 4
5644, 4
5656, 4
5668, 4
5680, 4
5692, 4
5704, 4
5716, 4
5728, 4
5740, 4
5752, 4
5764, 4
5776, 4
5788, 4
5800, 4
5812, 4
5824, 4
5836, 4
5848, 4
5860, 4
5872, 4
5884, 4
5896, 4
5908, 4
5920, 4
5932, 4
5944, 4
5956, 4
5968, 4
5980, 4
5992, 4
6004, 4
6016, 4
6028, 4
6040, 4
6052, 4
6064, 4
6076, 4
6088, 1
6100, 1
6112, 1
6124, 1
6136, 1
6148, 1
6160, 1
6172, 1
6184, 1
6196, 1
6208, 1
6220, 1
6232, 1
6244, 1
6256, 1
6268, 1
6280, 1
6292, 1
6304, 1
6316, 4
6328, 4
6340, 4
6352, 4
6364, 4
6376, 4
6388, 4
6400, 4
6412, 4
6424, 4
6436, 4
6448, 4
6460, 4
6472, 4
6484, 4
6496, 0
6508, 0
6520, 0
6532, 0
6544, 0
6556, 0
6568, 0
6580, 0
6592, 0
6604, 0
6616, 0
6628, 0
6640, 0
6652, 0
6664, 0
6676, 0
6688, 0
6700, 4
6712, 4
6724, 4
6736, 4
6748, 4
6760, 4
6772, 4
6784, 4
6796, 4
6808, 4
6820, 4
6832, 4
6844, 4
6856, 4
6868, 4
6880, 4
6892, 4
6904, 4
6916, 4
6928, 4
6940, 4
6952, 4
6964, 4
6976, 4
6988, 4
7000, 4
7012, 4
7024, 4
7036, 4
7048, 4
7060, 4
7072, 4
7084, 4
7096, 4
7108, 4
7120, 4
7132, 4
7144, 4
7156, 4
7168, 4
7180, 4
7192, 4
7204, 4
7216, 4
7228, 4
7240, 4
7252, 4
7264, 4
7276, 4
7288, 4
7300, 4
7312, 4
7324, 4
7336, 4
7348, 4
7360, 4
7372, 4
7384, 4
7396, 4
7408, 4
7420, 4
7432, 4
7444, 4
7456, 4
7468, 4
7480, 4
7492, 4
7504, 4
7516, 4
7528, 4
7540, 4
7552, 4
7564, 4
7576, 4
7588, 4
7600, 4
7612, 4
7624, 4
7636, 4
7648, 4
7660, 4
7672, 4
7684, 4
7696, 4
7708, 4
7720, 4
7732, 4
7744, 4
7756, 4
7768, 4
7780, 4
7792, 4
7804, 4
7816, 4
7828, 4
7840, 4
7852, 4
7864, 4
7876, 4
7888, 4
7900, 4
7912, 4
7924, 4
7936, 4
7948, 4
7960, 4
7972, 4
7984, 4
7996, 4
8008, 4
8020, 4
8032, 4
8044, 4
8056, 4
8068, 4
8080, 4
8092, 4
8104, 4
8116, 4
8128, 4
8140, 4
8152, 4
8164, 4
8176, 4
8188, 4
8200, 4
8212, 4
8224, 4
8236, 4
8248, 4
8260, 4
8272, 4
8284, 4
8296, 4
8308, 4
8320, 4
8332, 4
8344, 4
8356, 4
8368, 4
8380, 4
8392, 4
8404, 4
8416, 4
8428, 4
8440, 4
8452, 4
8464, 4
8476, 4
8488, 4
8500, 4
8512, 4
8524, 4
8536, 4
8548, 4
8560, 4
8572, 4
8584, 4
8596, 4
8608, 4
8620, 4
8632, 4
8644, 4
8656, 4
8668, 4
8680, 4
8692, 4
8704, 4
8716, 4
8728, 4
8740, 4
8752, 4
8764, 4
8776, 4
8788, 4
8800, 4
8812, 4
8824, 4
8836, 4
8848, 4
8860, 4
8872, 4
8884, 4
8896, 4
8908, 4
8920, 4
8932, 4
8944, 4
8956, 4
8968, 4
8980, 4
8992, 4
9004, 4
9016, 4
9028, 4
9040, 4
9052, 4
9064, 4
9076, 4
9088, 4
9100, 4
9112, 4
9124, 4
9136, 4
9148, 4
9160, 4
9172, 4
9184, 4
9196, 4
9208, 1
9220, 1
9232, 1
9244, 1
9256, 1
9268, 1
9280, 1
9292, 1
9304, 1
9316, 1
9328, 1
9340, 1
9352, 1
9364, 1
9376, 1
9388, 1
9400, 1
9412, 1
9424, 1
9436, 1
9448, 1
9460, 1
9472, 1
9484, 1
9496, 1
9508, 1
9520, 1
9532, 1
9544, 1
9556, 1
9568, 1
9580, 1
9592, 1
9604, 1
9616, 1
9628, 1
9640, 1
9652, 1
9664, 1
9676, 1
9688, 1
9700, 1
9712, 1
9724, 1
9736, 1
9748, 1
9760, 1
9772, 1
9784, 1
9796, 1
9808, 1
9820, 1
9832, 1
9844, 0
9856, 0
9868, 0
9880, 0
9892, 0
9904, 0
9916, 0
9928, 0
9940, 0
9952, 0
9964, 0
9976, 0
9988, 0
10000, 0
10012, 0
10024, 0
10036, 0
10048, 0
10060, 0
10072, 0, 2
10084, 0
10096, 0, 2
10108, 0, 2
10120, 0
10132, 0
10144, 0
10156, 0
10168, 0
10180, 0
10192, 0
10204, 0
10216, 0
10228, 0
10240, 0
10252, 0
10264, 0
10276, 0
10288, 0
10300, 0
10312, 0
10324, 0
10336, 0
10348, 0
10360, 0
10372, 0
10384, 0
10396, 0
10408, 0
10420, 0
10432, 0
10444, 0
10456, 0
10468, 0
10480, 0
10492, 0
10504, 0
10516, 0
10528, 0
10540, 0
10552, 0
10564, 0
10576, 0
10588, 0
10600, 0
10612, 0
10624, 4
10636, 0
10648, 0
10660, 0
10672, 0
10684, 0
10696, 0
10708, 0
10720, 0
10732, 0
10744, 0
10756, 0
10768, 0
10780, 0
10792, 0
10804, 0
10816, 0
10828, 0
10840, 0
10852, 0
10864, 0
10876, 0
10888, 0
10900, 0
10912, 0
10924, 0
10936, 0
10948, 0
10960, 0
10972, 0
10984, 0
10996, 0
11008, 0
11020, 0
11032, 0
11044, 0
11056, 0
11068, 0
11080, 0
11092, 0
11104, 0
11116, 0
11128, 0
11140, 0
11152, 0
11164, 0
11176, 0
11188, 0
11200, 0
11212, 0
11224, 0
11236, 0
11248, 0
11260, 0
11272, 0
11284, 0
11296, 0
11308, 0
11320, 0
11332, 0
11344, 0
11356, 0
11368, 0
11380, 0
11392, 0
11404, 0
11416, 0
11428, 0
11440, 0
11452, 0
11464, 0
11476, 0
11488, 0
11500, 0
11512, 0
11524, 0
11536, 4
11548, 4
11560, 4
11572, 4
11584, 4
11596, 4
11608, 4
11620, 4
11632, 4
11644, 4
11656, 0
11668, 0
11680, 0
11692, 0
11704, 0
11716, 0
11728, 0
11740, 0
11752, 0
11764, 0
11776, 0
11788, 0
11800, 0
11812, 0
11824, 0
11836, 0
11848, 0
11860, 0
11872, 0
11884, 0
11896, 0
11908, 0
11920, 4
11932, 4
11944, 4
11956, 4
11968, 4
11980, 4
11992, 4
12004, 4
12016, 4
12028, 4
12040, 4
12052, 4
12064, 4
12076, 4
12088, 4
12100, 4
12112, 4
12124, 4
12136, 4
12148, 4
12160, 4
12172, 4
12184, 4
12196, 4
12208, 4
12220, 4
12232, 4
12244, 4
12256, 4
12268, 4
12280, 4
12292, 4
12304, 4
12316, 4
12328, 4
12340, 4
12352, 4
12364, 4
12376, 4
12388, 4
12400, 4
12412, 4
12424, 4
12436, 4
12448, 4
12460, 4
12472, 4
12484, 4
12496, 4
12508, 4
12520, 4
12532, 4
12544, 4
12556, 4
12568, 4
12580, 4
12592, 4
12604, 4
12616, 4
12628, 4
12640, 4
12652, 4
12664, 4
12676, 4
12688, 4
12700, 4
12712, 4
12724, 4
12736, 4
12748, 4
12760, 4
12772, 4
12784, 4
12796, 4
12808, 4
12820, 4
12832, 4
12844, 4
12856, 4
12868, 4
12880, 4
12892, 4
12904, 4
12916, 4
12928, 4
12940, 4
12952, 4
12964, 4
12976, 4
12988, 4
13000, 4
13012, 4
13024, 4
13036, 4
13048, 4
13060, 4
13072, 4
13084, 4
13096, 4
13108, 4
13120, 4
13132, 4
13144, 4
13156, 4
13168, 4
13180, 4
13192, 4
13204, 4
13216, 4
13228, 4
13240, 4
13252, 4
13264, 4
13276, 4
13288, 4
13300, 4
13312, 4
13324, 4
13336, 4
13348, 4
13360, 4
13372, 4
13384, 4
13396, 4
13408, 4
13420, 4
13432, 4
13444, 4
13456, 4
13468, 4
13480, 4
13492, 4
13504, 4
13516, 4
13528, 4
13540, 4
13552, 4
13564, 4
13576, 4
13588, 4
13600, 4
13612, 4
13624, 4
13636, 4
13648, 4
13660, 4
13672, 4
13684, 4
13696, 4
13708, 4
13720, 4
13732, 4
13744, 4
13756, 4
13768, 4
13780, 4
13792, 4
13804, 4
13816, 4
13828, 4
13840, 4
13852, 4
13864, 4
13876, 4
13888, 4
13900, 4
13912, 4
13924, 4
13936, 4
13948, 4
13960, 4
13972, 4
13984, 4
13996, 4
14008, 4
14020, 4
14032, 4
14044, 4
14056, 4
14068, 4
14080, 4
14092, 4
14104, 4
14116, 4
14128, 4
14140, 4
14152, 4
14164, 4
14176, 4
14188, 4
14200, 4
14212, 4
14224, 4
14236, 4
14248, 4
14260, 4
14272, 4
14284, 4
14296, 4
14308, 4
14320, 4
14332, 4
14344, 4
14356, 4
14368, 4
14380, 4
14392, 4
14404, 4
14416, 4
14428, 4
14440, 4
14452, 4
14464, 4
14476, 4
14488, 4
14500, 4
14512, 4
14524, 4
14536, 4
14548, 4
14560, 4
14572, 4
14584, 4
14596, 4
14608, 4
14620, 4
14632, 4
14644, 4
14656, 4
14668, 4
14680, 4
14692, 4
14704, 4
14716, 4
14728, 4
14740, 4
14752, 4
14764, 4
14776, 4
14788, 4
14800, 4
14812, 4
14824, 4
14836, 4
14848, 4
14860, 4
14872, 4
14884, 4
14896, 4
14908, 4
14920, 4
14932, 4
14944, 4
14956, 4
14968, 4
14980, 4
14992, 4
15004, 4
15016, 4
15028, 4
15040, 4
15052, 4
15064, 4
15076, 4
15088, 4
15100, 4
15112, 4
15124, 4
15136, 4
15148, 4
15160, 4
15172, 4
15184, 4
15196, 4
15208, 4
15220, 4
15232, 4
15244, 4
15256, 4
15268, 4
15280, 4
15292, 4
15304, 4
15316, 4
15328, 4
15340, 4
15352, 4
15364, 4
15376, 4
15388, 4
15400, 4
15412, 4
15424, 4
15436, 4
15448, 4
15460, 4
15472, 4
15484, 4
15496, 4
15508, 4
15520, 4
15532, 4
15544, 4
15556, 4
15568, 4
15580, 4
15592, 4
15604, 4
15616, 4
15628, 4
15640, 4
15652, 4
15664, 4
15676, 4
15688, 4
15700, 4
15712, 4
15724, 4
15736, 4
15748, 4
15760, 4
15772, 4
15784, 4
15796, 4
15808, 4
15820, 4
15832, 4
15844, 4
15856, 4
15868, 4
15880, 4
15892, 4
15904, 4
15916, 4
15928, 4
15940, 4
15952, 4
15964, 4
15976, 4
15988, 4
16000, 4
16012, 4
16024, 4
16036, 4
16048, 4
16060, 4
16072, 4
16084, 4
16096, 4
16108, 4
16120, 4
16132, 4
16144, 4
16156, 4
16168, 4
16180, 4
16192, 4
16204, 4
16216, 4
16228, 4
16240, 4
16252, 4
16264, 4
16276, 4
16288, 4
16300, 4
16312, 4
16324, 4
16336, 4
16348, 4
16360, 4
16372, 4
16384, 4
16396, 4
16408, 4
16420, 4
16432, 4
16444, 4
16456, 4
16468, 4
16480, 4
16492, 4
16504, 4
16516, 4
16528, 4
16540, 4
16552, 4
16564, 1
16576, 1
16588, 1
16600, 1
16612, 1
16624, 1
16636, 1
16648, 1
16660, 1
16672, 1
16684, 1
16696, 1
16708, 1
16720, 1
16732, 1
16744, 1
16756, 1
16768, 1
16780, 1
16792, 1
16804, 1
16816, 1
16828, 1
16840, 1
16852, 1
16864, 1
16876, 1
16888, 1
16900, 1
16912, 1
16924, 1
16936, 1
16948, 1
16960, 1
16972, 1
16984, 1
16996, 4
17008, 4
17020, 4
17032, 4
17044, 4
17056, 4
17068, 4
17080, 4
17092, 4
17104, 4
17116, 4
17128, 4
17140, 4
17152, 4
17164, 4
17176, 4
17188, 4
17200, 4
17212, 4
17224, 4
17236, 4
17248, 4
17260, 4
17272, 4
17284, 4
17296, 4
17308, 4
17320, 4
17332, 4
17344, 4
17356, 4
17368, 4
17380, 4
17392, 4
17404, 4
17416, 4
17428, 4
17440, 4
17452, 4
17464, 4
17476, 4
17488, 4
17500, 4
17512, 4
17524, 4
17536, 4
17548, 4
17560, 4
17572, 4
17584, 4
17596, 4
17608, 4
17620, 4
17632, 4
17644, 4
17656, 4
17668, 4
17680, 4
17692, 4
17704, 4
17716, 4
17728, 4
17740, 4
17752, 4
17764, 4
17776, 4
17788, 4
17800, 4
17812, 4
17824, 4
17836, 4
17848, 4
17860, 4
17872, 4
17884, 4
17896, 4
17908, 4
17920, 4
17932, 4
17944, 4
17956, 4
17968, 4
17980, 4
17992, 4
18004, 4
18016, 4
18028, 4
18040, 4
18052, 4
18064, 4
18076, 4
18088, 4
18100, 4
18112, 4
18124, 4
18136, 4
18148, 4
18160, 4
18172, 4
18184, 4
18196, 4
18208, 4
18220, 4
18232, 4
18244, 4
18256, 4
18268, 4
18280, 4
18292, 4
18304, 2
18316, 2
18328, 2
18340, 2
18352, 2
18364, 2
18376, 2
18388, 2
18400, 2
18412, 2
18424, 2
18436, 2
18448, 2
18460, 2
18472, 2
18484, 2
18496, 2
18508, 2
18520, 2
18532, 2
18544, 2
18556, 2
18568, 2
18580, 2
18592, 2
18604, 2
18616, 2
18628, 2
18640, 2
18652, 2
18664, 2
18676, 2
18688, 2
18700, 2
18712, 2
18724, 2
18736, 2
18748, 2
18760, 2
18772, 2
18784, 2
18796, 2
18808, 2
18820, 2
18832, 2
18844, 2
18856, 2
18868, 2
18880, 2
18892, 2
18904, 2
18916, 2
18928, 2
18940, 2
18952, 2
18964, 2
18976, 2
18988, 2
19000, 2
19012, 2
19024, 2
19036, 2
19048, 2
19060, 2
19072, 2
19084, 2
19096, 2
19108, 2
19120, 2
19132, 2
19144, 2
19156, 2
19168, 2
19180, 2
19192, 2
19204, 2
19216, 2
19228, 2
19240, 2
19252, 2
19264, 2
19276, 2
19288, 2
19300, 2
19312, 2
19324, 4
19336, 4
19348, 2
19360, 2
19372, 2
19384, 2
19396, 2
19408, 2
19420, 2
19432, 2
19444, 2
19456, 2
19468, 2
19480, 2
19492, 2
19504, 2
19516, 2
19528, 2
19540, 2
19552, 2
19564, 2
19576, 2
19588, 2
19600, 2
19612, 2
19624, 2
19636, 4
19648, 4
19660, 2
19672, 2
19684, 2
19696, 2
19708, 4
19720, 4
19732, 4
19744, 4
19756, 4
19768, 4
19780, 4
19792, 4
19804, 4
19816, 4
19828, 4
19840, 4
19852, 4
19864, 4
19876, 4
19888, 4
19900, 4
19912, 4
19924, 4
19936, 4
19948, 4
19960, 4
19972, 4
19984, 4
19996, 4
20008, 4
20020, 4
20032, 4
20044, 4
20056, 4
20068, 4
20080, 4
20092, 4
20104, 4
20116, 4
20128, 4
20140, 4
20152, 4
20164, 4
20176, 4
20188, 4
20200, 4
20212, 4
20224, 4
20236, 4
20248, 4
20260, 4
20272, 4
20284, 4
20296, 4
20308, 4
20320, 4
20332, 4
20344, 4
20356, 4
20368, 4
20380, 4
20392, 4
20404, 4
20416, 4
20428, 4
20440, 4
20452, 4
20464, 4
20476, 4
20488, 4
20500, 4
20512, 4
20524, 4
20536, 4
20548, 4
20560, 4
20572, 4
20584, 4
20596, 4
20608, 4
20620, 4
20632, 4
20644, 4
20656, 4
20668, 4
20680, 4
20692, 4
20704, 4
20716, 4
20728, 4
20740, 4
20752, 4
20764, 4
20776, 4
20788, 4
20800, 4
20812, 4
20824, 4
20836, 4
20848, 4
20860, 4
20872, 4
20884, 4
20896, 4
20908, 4
20920, 4
20932, 4
20944, 4
20956, 4
20968, 4
20980, 4
20992, 4
21004, 4
21016, 4
21028, 4
21040, 4
21052, 4
21064, 4
21076, 4
21088, 4
21100, 4
21112, 4
21124, 4
21136, 4
21148, 4
21160, 4
21172, 4
21184, 4
21196, 4
21208, 4
21220, 4
21232, 4
21244, 4
21256, 4
21268, 4
21280, 4
21292, 4
21304, 4
21316, 4
21328, 4
21340, 4
21352, 4
21364, 4
21376, 4
21388, 4
21400, 4
21412, 4
21424, 4
21436, 4
21448, 4
21460, 4
21472, 4
21484, 4
21496, 4
21508, 4
21520, 4
21532, 4
21544, 4
21556, 4
21568, 4
21580, 4
21592, 4
21604, 4
21616, 4
21628, 4
21640, 4
21652, 4
21664, 4
21676, 4
21688, 4
21700, 4
21712, 4
21724, 4
21736, 4
21748, 4
21760, 4
21772, 4
21784, 4
21796, 4
21808, 4
21820, 4
21832, 4
21844, 4
21856, 4
21868, 4
21880, 4
21892, 4
21904, 4
21916, 4
21928, 4
21940, 4
21952, 4
21964, 4
21976, 4
21988, 4
22000, 4
22012, 4
22024, 4
22036, 4
22048, 4
22060, 4
22072, 4
22084, 4
22096, 4
22108, 4
22120, 4
22132, 4
22144, 4
22156, 4
22168, 4
22180, 4
22192, 4
22204, 4
22216, 4
22228, 4
22240, 4
22252, 4
22264, 4
22276, 4
22288, 4
22300, 4
22312, 4
22324, 4
22336, 4
22348, 4
22360, 4
22372, 4
22384, 4
22396, 4
22408, 4
22420, 4
22432, 4
22444, 4
22456, 4
22468, 4
22480, 4
22492, 4
22504, 4
22516, 4
22528, 4
22540, 4
22552, 4
22564, 4
22576, 4
22588, 4
22600, 4
22612, 4
22624, 4
22636, 4
22648, 4
22660, 4
22672, 4
22684, 4
22696, 4
22708, 4
22720, 4
22732, 4
22744, 4
22756, 4
22768, 4
22780, 4
22792, 4
22804, 4
22816, 4
22828, 4
22840, 4
22852, 4
22864, 4
22876, 4
22888, 4
22900, 4
22912, 4
22924, 4
22936, 4
22948, 4
22960, 4
22972, 4
22984, 4
22996, 4
23008, 4
23020, 4
23032, 4
23044, 4
23056, 4
23068, 4
23080, 4
23092, 4
23104, 4
23116, 4
23128, 4
23140, 4
23152, 4
23164, 4
23176, 4
23188, 4
23200, 4
23212, 4
23224, 4
23236, 4
23248, 4
23260, 4
23272, 4
23284, 4
23296, 4
23308, 4
23320, 4
23332, 4
23344, 4
23356, 4
23368, 4
23380, 4
23392, 4
23404, 4
23416, 4
23428, 4
23440, 4
23452, 4
23464, 4
23476, 4
23488, 4
23500, 4
23512, 4
23524, 4
23536, 4
23548, 4
23560, 4
23572, 4
23584, 4
23596, 4
23608, 4
23620, 4
23632, 4
23644, 4
23656, 4
23668, 4
23680, 4
23692, 4
23704, 4
23716, 4
23728, 4
23740, 4
23752, 4
23764, 4
23776, 4
23788, 4
23800, 4
23812, 4
23824, 4
23836, 4
23848, 4
23860, 4
23872, 4
23884, 4
23896, 4
23908, 4
23920, 4
23932, 4
23944, 4
23956, 4
23968, 4
23980, 4
23992, 4
24004, 4
24016, 4
24028, 4
24040, 4
24052, 4
24064, 4
24076, 4
24088, 4
24100, 4
24112, 4
24124, 4
24136, 4
24148, 4
24160, 4
24172, 4
24184, 4
24196, 4
24208, 4
24220, 4
24232, 4
24244, 4
24256, 4
24268, 4
24280, 4
24292, 4
24304, 4
24316, 4
24328, 4
24340, 4
24352, 4
24364, 4
24376, 4
24388, 4
24400, 4
24412, 4
24424, 4
24436, 4
24448, 4
24460, 4
24472, 4
24484, 4
24496, 4
24508, 4
24520, 4
24532, 4
24544, 4
24556, 4
24568, 4
24580, 4
24592, 4
24604, 4
24616, 4
24628, 4
24640, 4
24652, 4
24664, 4
24676, 4
24688, 4
24700, 4
24712, 4
24724, 4
24736, 4
24748, 4
24760, 4
24772, 4
24784, 4
24796, 4
24808, 4
24820, 4
24832, 4
24844, 4
24856, 4
24868, 4
24880, 4
24892, 4
24904, 4
24916, 4
24928, 4
24940, 4
24952, 4
24964, 4
24976, 4
24988, 4
25000, 4
25012, 4
25024, 4
25036, 4
25048, 4
25060, 4
25072, 4
25084, 4
25096, 4
25108, 4
25120, 4
25132, 4
25144, 4
25156, 4
25168, 4
25180, 4
25192, 4
25204, 4
25216, 4
25228, 4
25240, 4
25252, 4
25264, 4
25276, 4
25288, 4
25300, 4
25312, 4
25324, 4
25336, 4
25348, 4
25360, 4
25372, 4
25384, 4
25396, 4
25408, 4
25420, 4
25432, 4
25444, 4
25456, 4
25468, 4
25480, 4
25492, 4
25504, 4
25516, 4
25528, 4
25540, 4
25552, 4
25564, 4
25576, 4
25588, 4
25600, 4
25612, 4
25624, 4
25636, 4
25648, 4
25660, 4
25672, 4
25684, 4
25696, 4
25708, 4
25720, 4
25732, 4
25744, 4
25756, 4
25768, 4
25780, 4
25792, 4
25804, 4
25816, 4
25828, 4
25840, 4
25852, 4
25864, 4
25876, 4
25888, 4
25900, 4
25912, 4
25924, 4
25936, 4
25948, 4
25960, 4
25972, 4
25984, 4
25996, 4
26008, 4
26020, 4
26032, 4
26044, 4
26056, 4
26068, 4
26080, 4
26092, 4
26104, 4
26116, 4
26128, 4
26140, 4
26152, 4
26164, 4
26176, 4
26188, 4
26200, 4
26212, 4
26224, 4
26236, 4
26248, 4
26260, 4
26272, 4
26284, 4
26296, 4
26308, 4
26320, 4
26332, 4
26344, 4
26356, 4
26368, 4
26380, 4
26392, 4
26404, 4
26416, 4
26428, 4
26440, 4
26452, 4
26464, 4
26476, 4
26488, 4
26500, 4
26512, 4
26524, 4
26536, 4
26548, 4
26560, 4
26572, 4
26584, 4
26596, 4
26608, 4
26620, 4
26632, 4
26644, 4
26656, 4
26668, 4
26680, 4
26692, 4
26704, 4
26716, 4
26728, 4
26740, 4
26752, 4
26764, 4
26776, 4
26788, 4
26800, 4
26812, 4
26824, 4
26836, 4
26848, 4
26860, 4
26872, 4
26884, 4
26896, 4
26908, 4
26920, 4
26932, 4
26944, 4
26956, 4
26968, 4
26980, 4
26992, 4
27004, 4
27016, 4
27028, 4
27040, 4
27052, 4
27064, 4
27076, 4
27088, 4
27100, 4
27112, 4
27124, 4
27136, 4
27148, 4
27160, 4
27172, 4
27184, 4
27196, 4
27208, 4
27220, 4
27232, 4
27244, 4
27256, 4
27268, 4
27280, 4
27292, 4
27304, 4
27316, 4
27328, 4
27340, 4
27352, 4
27364, 4
27376, 4
27388, 4
27400, 4
27412, 4
27424, 4
27436, 4
27448, 4
27460, 4
27472, 4
27484, 4
27496, 4
27508, 4
27520, 4
27532, 4
27544, 4
27556, 4
27568, 4
27580, 4
27592, 4
27604, 4
27616, 4
27628, 4
27640, 4
27652, 4
27664, 4
27676, 4
27688, 4
27700, 4
27712, 4
27724, 4
27736, 4
27748, 4
27760, 4
27772, 4
27784, 4
27796, 4
27808, 4
27820, 4
27832, 4
27844, 4
27856, 4
27868, 4
27880, 4
27892, 4
27904, 4
27916, 4
27928, 4
27940, 4
27952, 4
27964, 4
27976, 4
27988, 4
28000, 4
28012, 4
28024, 4
28036, 4
28048, 4
28060, 4
28072, 4
28084, 4
28096, 4
28108, 4
28120, 4
28132, 4
28144, 4
28156, 4
28168, 4
28180, 4
28192, 4
28204, 4
28216, 4
28228, 4
28240, 4
28252, 4
28264, 4
28276, 4
28288, 4
28300, 4
28312, 4
28324, 4
28336, 4
28348, 4
28360, 4
28372, 4
28384, 4
28396, 4
28408, 4
28420, 4
28432, 4
28444, 4
28456, 4
28468, 4
28480, 4
28492, 4
28504, 4
28516, 4
28528, 4
28540, 4
28552, 4
28564, 4
28576, 4
28588, 4
28600, 4
28612, 4
28624, 4
28636, 4
28648, 4
28660, 4
28672, 4
28684, 4
28696, 4
28708, 4
28720, 4
28732, 4
28744, 4
28756, 4
28768, 4
28780, 4
28792, 4
28804, 4
28816, 4
28828, 4
28840, 4
28852, 4
28864, 4
28876, 4
28888, 4
28900, 4
28912, 4
28924, 3
28936, 3
28948, 3
28960, 3
28972, 3
28984, 3
28996, 3
29008, 3
29020, 3
29032, 3
29044, 3
29056, 3
29068, 3
29080, 3
29092, 3
29104, 3
29116, 3
29128, 3
29140, 3
29152, 3
29164, 3
29176, 3
29188, 3
29200, 3
29212, 3
29224, 3
29236, 3
29248, 3
29260, 3
29272, 3
29284, 3
29296, 3
29308, 3
29320, 3
29332, 3
29344, 3
29356, 3
29368, 3
29380, 3
29392, 3
29404, 3
29416, 3
29428, 3
29440, 3
29452, 3
29464, 3
29476, 3
29488, 3
29500, 3
29512, 3
29524, 3
29536, 3
29548, 3
29560, 3
29572, 3
29584, 3
29596, 3
29608, 3
29620, 3
29632, 3
29644, 3
29656, 3
29668, 3
29680, 3
29692, 3
29704, 3
29716, 3
29728, 3
29740, 3
29752, 3
29764, 3
29776, 3
29788, 3
29800, 3
29812, 3
29824, 3
29836, 3
29848, 3
29860, 3
29872, 3
29884, 3
29896, 3
29908, 3
29920, 3
29932, 3
29944, 3
29956, 3
29968, 3
29980, 3
29992, 3
30004, 3
30016, 3
30028, 3
30040, 3
30052, 3
30064, 3
30076, 3
30088, 3
30100, 3
30112, 3
30124, 3
30136, 3
30148, 3
30160, 3
30172, 3
30184, 3
30196, 3
30208, 3
30220, 3
30232, 3
30244, 3
30256, 3
30268, 3
30280, 3
30292, 3
30304, 3
30316, 3
30328, 3
30340, 3
30352, 3
30364, 3
30376, 3
30388, 3
30400, 3
30412, 3
30424, 3
30436, 3
30448, 3
30460, 3
30472, 3
30484, 3
30496, 3
30508, 3
30520, 3
30532, 3
30544, 3
30556, 3
30568, 1
30580, 1
30592, 1
30604, 1
30616, 1
30628, 1
30640, 1
30652, 1
30664, 1
30676, 1
30688, 1
30700, 1
30712, 1
30724, 1
30736, 1
30748, 1
30760, 1
30772, 1
30784, 1
30796, 1
30808, 1
30820, 1
30832, 1
30844, 1
30856, 1
30868, 1
30880, 1
30892, 4
30904, 4
30916, 4
30928, 4
30940, 4
30952, 4
30964, 4
30976, 4
30988, 4
31000, 4
31012, 4
31024, 4
31036, 4
31048, 4
31060, 4
31072, 4
31084, 4
31096, 4
31108, 4
31120, 4
31132, 4
31144, 4
31156, 4
31168, 4
31180, 4
31192, 4
31204, 4
31216, 4
31228, 4
31240, 4
31252, 4
31264, 4
31276, 4
31288, 4
31300, 4
31312, 4
31324, 4
31336, 4
31348, 0
31360, 0
31372, 0
31384, 0
31396, 0
31408, 0
31420, 0
31432, 0
31444, 0
31456, 0
31468, 0
31480, 0
31492, 0
31504, 0
31516, 0
31528, 0
31540, 0
31552, 0
31564, 0
31576, 0
31588, 0
31600, 0
31612, 0
31624, 0
31636, 0
31648, 0
31660, 0
31672, 0
31684, 0
31696, 0
31708, 0
31720, 0
31732, 0
31744, 0
31756, 0
31768, 0
31780, 0
31792, 0
31804, 0
31816, 0
31828, 0
31840, 0
31852, 0
31864, 0
31876, 0
31888, 0
31900, 0
31912, 0
31924, 0
31936, 0
31948, 0
31960, 0
31972, 0
31984, 0
31996, 0
32008, 0
32020, 0
32032, 0
32044, 0
32056, 0
32068, 0
32080, 0
32092, 0
32104, 0
32116, 0
32128, 0
32140, 0
32152, 0
32164, 0
32176, 0
32188, 0
32200, 0
32212, 0
32224, 0
32236, 0
32248, 0
32260, 0
32272, 0
32284, 0
32296, 0
32308, 0
32320, 0
32332, 0
32344, 4
32356, 4
32368, 4
32380, 4
32392, 4
32404, 4
32416, 4
32428, 4
32440, 4
32452, 4
32464, 4
32476, 4
32488, 4
32500, 4
32512, 4
32524, 4
32536, 4
32548, 4
32560, 4
32572, 4
32584, 4
32596, 4
32608, 4
32620, 4
32632, 4
32644, 4
32656, 4
32668, 4
32680, 4
32692, 4
32704, 4
32716, 4
32728, 4
32740, 4
32752, 4
32764, 4
32776, 4
32788, 4
32800, 4
32812, 4
32824, 4
32836, 4
32848, 4
32860, 4
32872, 4
32884, 4
32896, 4
32908, 4
32920, 4
32932, 4
32944, 4
32956, 4
32968, 4
32980, 4
32992, 4
33004, 4
33016, 4
33028, 4
33040, 4
33052, 4
33064, 4
33076, 4
33088, 4
33100, 4
33112, 4
33124, 4
33136, 4
33148, 4
33160, 4
33172, 4
33184, 4
33196, 4
33208, 4
33220, 4
33232, 4
33244, 4
33256, 4
33268, 4
33280, 4
33292, 4
33304, 4
33316, 4
33328, 4
33340, 4
33352, 4
33364, 4
33376, 4
33388, 4
33400, 4
33412, 4
33424, 4
33436, 4
33448, 4
33460, 4
33472, 4
33484, 4
33496, 4
33508, 4
33520, 4
33532, 4
33544, 4
33556, 4
33568, 4
33580, 4
33592, 4
33604, 4
33616, 4
33628, 4
33640, 4
33652, 4
33664, 4
33676, 4
33688, 4
33700, 4
33712, 4
33724, 4
33736, 4
33748, 4
33760, 4
33772, 4
33784, 4
33796, 4
33808, 4
33820, 4
33832, 4
33844, 4
33856, 4
33868, 4
33880, 4
33892, 4
33904, 4
33916, 4
33928, 4
33940, 4
33952, 4
33964, 4
33976, 4
33988, 4
34000, 4
34012, 4
34024, 4
34036, 4
34048, 4
34060, 4
34072, 4
34084, 4
34096, 4
34108, 4
34120, 4
34132, 4
34144, 4
34156, 4
34168, 4
34180, 4
34192, 4
34204, 4
34216, 4
34228, 4
34240, 4
34252, 4
34264, 4
34276, 4
34288, 4
34300, 4
34312, 4
34324, 4
34336, 4
34348, 4
34360, 4
34372, 4
34384, 4
34396, 4
34408, 4
34420, 4
34432, 4
34444, 4
34456, 4
34468, 4
34480, 4
34492, 4
34504, 4
34516, 4
34528, 4
34540, 4
34552, 4
34564, 4
34576, 4
34588, 4
34600, 4
34612, 4
34624, 4
34636, 4
34648, 4
34660, 4
34672, 4
34684, 4
34696, 4
34708, 4
34720, 4
34732, 4
34744, 4
34756, 4
34768, 4
34780, 4
34792, 4
34804, 4
34816, 4
34828, 4
34840, 4
34852, 4
34864, 4
34876, 4
34888, 4
34900, 4
34912, 4
34924, 4
34936, 4
34948, 4
34960, 4
34972, 4
34984, 4
34996, 4
35008, 4
35020, 4
35032, 4
35044, 4
35056, 4
35068, 4
35080, 4
35092, 4
35104, 4
35116, 4
35128, 4
35140, 4
35152, 4
35164, 4
35176, 4
35188, 4
35200, 4
35212, 4
35224, 4
35236, 4
35248, 4
35260, 4
35272, 4
35284, 4
35296, 4
35308, 4
35320, 4
35332, 4
35344, 4
35356, 4
35368, 4
35380, 4
35392, 4
35404, 4
35416, 4
35428, 4
35440, 4
35452, 4
35464, 4
35476, 4
35488, 4
35500, 4
35512, 4
35524, 4
35536, 4
35548, 4
35560, 4
35572, 4
35584, 4
35596, 4
35608, 4
35620, 4
35632, 4
35644, 4
35656, 4
35668, 4
35680, 4
35692, 4
35704, 4
35716, 4
35728, 4
35740, 4
35752, 4
35764, 4
35776, 4
35788, 4
35800, 4
35812, 4
35824, 4
35836, 4
35848, 4
35860, 4
35872, 4
35884, 4
35896, 4
35908, 4
35920, 4
35932, 4
35944, 4
35956, 4
35968, 0
35980, 0
35992, 0
36004, 0
36016, 0
36028, 0
36040, 0
36052, 0
36064, 0
36076, 0
36088, 0
36100, 0
36112, 0
36124, 0
36136, 0
36148, 0
36160, 0
36172, 0
36184, 0
36196, 0
36208, 0
36220, 0
36232, 0
36244, 0
36256, 0
36268, 0
36280, 0
36292, 0
36304, 0
36316, 0
36328, 0
36340, 0
36352, 0
36364, 0
36376, 0
36388, 0
36400, 0
36412, 0
36424, 0
36436, 0
36448, 0
36460, 0
36472, 0
36484, 0
36496, 0
36508, 0
36520, 0
36532, 0
36544, 0
36556, 0
36568, 0
36580, 0
36592, 0
36604, 0
36616, 0
36628, 0
36640, 0
36652, 0
36664, 0
36676, 0
36688, 0
36700, 0
36712, 0
36724, 0
36736, 0
36748, 0
36760, 0
36772, 0
36784, 0
36796, 0
36808, 0
36820, 0
36832, 0
36844, 0
36856, 0
36868, 0
36880, 0
36892, 0
36904, 0
36916, 0
36928, 0
36940, 0
36952, 0
36964, 0
36976, 0
36988, 0
37000, 0
37012, 0
37024, 0
37036, 0
37048, 0
37060, 0
37072, 0
37084, 0
37096, 0
37108, 0
37120, 0
37132, 0
37144, 0
37156, 0
37168, 0
37180, 0
37192, 0
37204, 0
37216, 0
37228, 0
37240, 0
37252, 0
37264, 0
37276, 0
37288, 0
37300, 0
37312, 0
37324, 0
37336, 0
37348, 0
37360, 0
37372, 4
37384, 0
37396, 0
37408, 4
37420, 0
37432, 0
37444, 4
37456, 4
37468, 0
37480, 4
37492, 4
37504, 0
37516, 4
37528, 4
37540, 4
37552, 4
37564, 4
37576, 4
37588, 4
37600, 4
37612, 4
37624, 4
37636, 4
37648, 4
37660, 4
37672, 4
37684, 4
37696, 4
37708, 4
37720, 4
37732, 4
37744, 4
37756, 4
37768, 4
37780, 4
37792, 4
37804, 4
37816, 4
37828, 4
37840, 4
37852, 4
37864, 4
37876, 4
37888, 4
37900, 4
37912, 4
37924, 4
37936, 4
37948, 4
37960, 4
37972, 4
37984, 4
37996, 4
38008, 4
38020, 4
38032, 4
38044, 4
38056, 4
38068, 4
38080, 4
38092, 4
38104, 4
38116, 4
38128, 4
38140, 4
38152, 4
38164, 4
38176, 4
38188, 4
38200, 4
38212, 4
38224, 4
38236, 4
38248, 4
38260, 4
38272, 4
38284, 4
38296, 4
38308, 1
38320, 1
38332, 1
38344, 1
38356, 1
38368, 1
38380, 1
38392, 1
38404, 1
38416, 1
38428, 1
38440, 1
38452, 1
38464, 4
38476, 4
38488, 4
38500, 4
38512, 4
38524, 4
38536, 4
38548, 4
38560, 4
38572, 4
38584, 4
38596, 4
38608, 4
38620, 4
38632, 4
38644, 4
38656, 4
38668, 4
38680, 4
