1, 4
13, 4
25, 4
37, 4
49, 4
61, 4
73, 4
85, 4
97, 4
109, 4
121, 4
133, 4
145, 4
157, 4
169, 4
181, 4
193, 4
205, 4
217, 4
229, 4
241, 4
253, 4
265, 4
277, 4
289, 4
301, 4
313, 4
325, 4
337, 4
349, 4
361, 4
373, 4
385, 4
397, 4
409, 4
421, 4
433, 4
445, 4
457, 4
469, 4
481, 4
493, 4
505, 4
517, 4
529, 4
541, 4
553, 4
565, 4
577, 4
589, 4
601, 4
613, 4
625, 4
637, 4
649, 4
661, 4
673, 4
685, 4
697, 4
709, 4
721, 4
733, 4
745, 4
757, 4
769, 4
781, 4
793, 4
805, 4
817, 4
829, 4
841, 4
853, 4
865, 4
877, 4
889, 4
901, 4
913, 4
925, 0
937, 0
949, 0
961, 0
973, 0
985, 0
997, 0
1009, 4
1021, 4
1033, 4
1045, 4
1057, 4
1069, 4
1081, 4
1093, 4
1105, 4
1117, 4
1129, 4
1141, 4
1153, 4
1165, 4
1177, 4
1189, 4
1201, 4
1213, 4
1225, 4
1237, 4
1249, 4
1261, 4
1273, 4
1285, 4
1297, 4
1309, 4
1321, 4
1333, 4
1345, 4
1357, 4
1369, 4
1381, 4
1393, 4
1405, 4
1417, 4
1429, 4
1441, 4
1453, 4
1465, 4
1477, 4
1489, 4
1501, 4
1513, 4
1525, 4
1537, 3
1549, 3
1561, 3
1573, 3
1585, 3
1597, 3
1609, 4
1621, 4
1633, 4
1645, 4
1657, 4
1669, 4
1681, 4
1693, 1
1705, 1
1717, 1
1729, 1
1741, 1
1753, 0
1765, 0
1777, 0
1789, 0
1801, 0
1813, 0
1825, 0, 2
1837, 0, 2
1849, 4
1861, 4
1873, 4
1885, 4
1897, 4
1909, 4
1921, 4
1933, 4
1945, 4
1957, 4
1969, 4
1981, 4
1993, 4
2005, 4
2017, 4
2029, 4
2041, 4
2053, 4
2065, 4
2077, 4
2089, 4
2101, 4
2113, 4
2125, 4
2137, 4
2149, 4
2161, 4
2173, 4
2185, 4
2197, 4
2209, 4
2221, 4
2233, 4
2245, 4
2257, 4
2269, 0
2281, 0
2293, 0
2305, 0
2317, 0
2329, 0
2341, 0
2353, 0
2365, 0
2377, 0
2389, 0
2401, 0
2413, 0
2425, 0
2437, 0
2449, 0
2461, 0
2473, 0
2485, 0
2497, 0
2509, 0
2521, 0
2533, 0
2545, 0
2557, 0
2569, 0
2581, 0
2593, 0
2605, 0
2617, 0
2629, 0
2641, 0
2653, 0
2665, 0
2677, 0
2689, 0
2701, 0
2713, 0
2725, 0
2737, 0
2749, 0
2761, 0
2773, 0
2785, 0
2797, 0
2809, 0
2821, 0
2833, 0
2845, 0
2857, 0
2869, 0
2881, 0
2893, 0
2905, 0
2917, 0
2929, 0
2941, 0
2953, 0
2965, 0
2977, 0
2989, 0
3001, 0
3013, 0
3025, 0
3037, 0
3049, 0
3061, 0
3073, 0
3085, 0
3097, 0
3109, 0
3121, 0
3133, 0
3145, 0
3157, 0
3169, 0
3181, 0
3193, 0
3205, 0
3217, 0
3229, 0
3241, 0
3253, 0
3265, 0
3277, 0
3289, 0
3301, 0
3313, 0
3325, 0
3337, 0
3349, 0
3361, 0
3373, 0
3385, 4
3397, 4
3409, 4
3421, 4
3433, 4
3445, 4
3457, 4
3469, 4
3481, 4
3493, 4
3505, 4
3517, 4
3529, 4
3541, 4
3553, 4
3565, 4
3577, 4
3589, 4
3601, 4
3613, 4
3625, 4
3637, 4
3649, 4
3661, 4
3673, 4
3685, 4
3697, 4
3709, 4
3721, 4
3733, 4
3745, 4
3757, 4
3769, 4
3781, 4
3793, 4
3805, 4
3817, 4
3829, 4
3841, 4
3853, 4
3865, 4
3877, 4
3889, 4
3901, 4
3913, 4
3925, 4
3937, 4
3949, 4
3961, 4
3973, 4
3985, 4
3997, 4
4009, 4
4021, 4
4033, 4
4045, 4
4057, 4
4069, 4
4081, 4
4093, 4
4105, 4
4117, 4
4129, 4
4141, 4
4153, 4
4165, 4
4177, 4
4189, 4
4201, 4
4213, 4
4225, 4
4237, 4
4249, 4
4261, 4
4273, 4
4285, 4
4297, 4
4309, 4
4321, 4
4333, 4
4345, 4
4357, 4
4369, 4
4381, 4
4393, 4
4405, 4
4417, 4
4429, 4
4441, 4
4453, 4
4465, 4
4477, 4
4489, 4
4501, 4
4513, 4
4525, 4
4537, 4
4549, 4
4561, 4
4573, 4
4585, 4
4597, 4
4609, 4
4621, 4
4633, 4
4645, 4
4657, 4
4669, 4
4681, 4
4693, 4
4705, 4
4717, 4
4729, 4
4741, 4
4753, 4
4765, 4
4777, 4
4789, 4
4801, 4
4813, 4
4825, 4
4837, 4
4849, 4
4861, 4
4873, 4
4885, 4
4897, 4
4909, 4
4921, 4
4933, 4
4945, 4
4957, 4
4969, 4
4981, 4
4993, 4
5005, 4
5017, 4
5029, 4
5041, 4
5053, 4
5065, 4
5077, 4
5089, 4
5101, 4
5113, 4
5125, 4
5137, 4
5149, 4
5161, 4
5173, 4
5185, 4
5197, 4
5209, 4
5221, 4
5233, 4
5245, 4
5257, 4
5269, 4
5281, 4
5293, 4
5305, 4
5317, 4
5329, 4
5341, 4
5353, 4
5365, 4
5377, 4
5389, 4
5401, 4
5413, 4
5425, 4
5437, 4
5449, 4
5461, 4
5473, 4
5485, 4
5497, 4
5509, 4
5521, 4
5533, 4
5545, 4
5557, 4
5569, 4
5581, 4
5593, 4
5605, 4
5617, 4
5629, 4
5641, 4
5653, 4
5665, 4
5677, 4
5689, 4
5701, 4
5713, 4
5725, 4
5737, 4
5749, 4
5761, 4
5773, 4
5785, 4
5797, 4
5809, 4
5821, 4
5833, 4
5845, 1
5857, 1
5869, 1
5881, 1
5893, 1
5905, 1
5917, 1
5929, 1
5941, 1
5953, 1
5965, 1
5977, 1
5989, 1
6001, 1
6013, 1
6025, 1
6037, 1
6049, 1
6061, 4
6073, 0
6085, 0
6097, 0
6109, 0
6121, 0
6133, 0
6145, 0
6157, 0
6169, 0
6181, 0
6193, 0
6205, 0
6217, 0
6229, 0
6241, 0
6253, 0
6265, 0
6277, 0
6289, 0
6301, 0
6313, 0
6325, 0
6337, 0
6349, 0
6361, 4
6373, 4
6385, 4
6397, 4
6409, 4
6421, 4
6433, 4
6445, 4
6457, 4
6469, 4
6481, 4
6493, 4
6505, 4
6517, 4
6529, 4
6541, 4
6553, 4
6565, 4
6577, 4
6589, 4
6601, 4
6613, 4
6625, 4
6637, 4
6649, 4
6661, 4
6673, 4
6685, 4
6697, 4
6709, 4
6721, 4
6733, 4
6745, 4
6757, 4
6769, 4
6781, 4
6793, 4
6805, 4
6817, 4
6829, 4
6841, 4
6853, 4
6865, 4
6877, 4
6889, 4
6901, 4
6913, 4
6925, 4
6937, 4
6949, 4
6961, 4
6973, 4
6985, 4
6997, 4
7009, 4
7021, 4
7033, 4
7045, 4
7057, 4
7069, 4
7081, 4
7093, 4
7105, 4
7117, 4
7129, 4
7141, 4
7153, 4
7165, 4
7177, 4
7189, 4
7201, 4
7213, 4
7225, 4
7237, 4
7249, 4
7261, 4
7273, 4
7285, 4
7297, 4
7309, 4
7321, 4
7333, 4
7345, 0
7357, 0
7369, 0
7381, 0
7393, 0
7405, 0
7417, 0
7429, 0
7441, 0
7453, 0
7465, 0
7477, 0
7489, 0
7501, 0
7513, 0
7525, 0
7537, 0
7549, 0
7561, 0
7573, 4
7585, 4
7597, 4
7609, 4
7621, 4
7633, 4
7645, 4
7657, 4
7669, 4
7681, 4
7693, 4
7705, 1
7717, 1
7729, 1
7741, 1
7753, 1
7765, 1
7777, 1
7789, 1
7801, 1
7813, 1
7825, 1
7837, 1
7849, 1
7861, 1
7873, 1
7885, 1
7897, 4
7909, 4
7921, 4
7933, 4
7945, 4
7957, 4
7969, 4
7981, 4
7993, 4
8005, 4
8017, 4
8029, 4
8041, 4
8053, 4
8065, 4
8077, 4
8089, 4
8101, 4
8113, 4
8125, 4
8137, 4
8149, 4
8161, 4
8173, 4
8185, 4
8197, 4
8209, 4
8221, 4
8233, 4
8245, 4
8257, 4
8269, 4
8281, 4
8293, 4
8305, 0
8317, 0
8329, 0
8341, 0
8353, 0
8365, 0
8377, 0
8389, 0
8401, 0
8413, 0
8425, 0
8437, 0
8449, 0
8461, 0
8473, 0
8485, 4
8497, 4
8509, 4
8521, 4
8533, 4
8545, 4
8557, 4
8569, 0
8581, 0
8593, 0
8605, 0
8617, 0
8629, 0
8641, 0
8653, 0
8665, 0
8677, 0
8689, 0
8701, 0
8713, 0
8725, 0
8737, 0
8749, 0
8761, 0
8773, 0, 2
8785, 0, 2
8797, 0, 2
8809, 2
8821, 0, 2
8833, 0, 2
8845, 0, 2
8857, 0, 2
8869, 0
8881, 0
8893, 0
8905, 0
8917, 0
8929, 0
8941, 0
8953, 0
8965, 0
8977, 0
8989, 0
9001, 0
9013, 0
9025, 0
9037, 0
9049, 0
9061, 0
9073, 0
9085, 0
9097, 0
9109, 0
9121, 0
9133, 0
9145, 0
9157, 0
9169, 0
9181, 0
9193, 0
9205, 0
9217, 0
9229, 0
9241, 0
9253, 0
9265, 4
9277, 0
9289, 0
9301, 0
9313, 0
9325, 0
9337, 0
9349, 0
9361, 0
9373, 0
9385, 0
9397, 0
9409, 0
9421, 0
9433, 0
9445, 0
9457, 0
9469, 0
9481, 0
9493, 0
9505, 0
9517, 0
9529, 0
9541, 4
9553, 0
9565, 0
9577, 0
9589, 0
9601, 0
9613, 0
9625, 0
9637, 0
9649, 0
9661, 4
9673, 4
9685, 4
9697, 4
9709, 4
9721, 4
9733, 4
9745, 4
9757, 4
9769, 4
9781, 0
9793, 0
9805, 0
9817, 0
9829, 0
9841, 0
9853, 0
9865, 0
9877, 0
9889, 0
9901, 0
9913, 4
9925, 4
9937, 4
9949, 4
9961, 4
9973, 4
9985, 4
9997, 4
10009, 4
10021, 4
10033, 4
10045, 4
10057, 4
10069, 4
10081, 4
10093, 4
10105, 4
10117, 4
10129, 4
10141, 4
10153, 4
10165, 4
10177, 4
10189, 4
10201, 4
10213, 4
10225, 4
10237, 4
10249, 4
10261, 4
10273, 4
10285, 4
10297, 4
10309, 4
10321, 4
10333, 4
10345, 4
10357, 4
10369, 4
10381, 4
10393, 4
10405, 4
10417, 4
10429, 4
10441, 4
10453, 4
10465, 4
10477, 4
10489, 4
10501, 4
10513, 4
10525, 4
10537, 4
10549, 4
10561, 4
10573, 4
10585, 4
10597, 4
10609, 4
10621, 4
10633, 4
10645, 4
10657, 4
10669, 4
10681, 4
10693, 4
10705, 4
10717, 4
10729, 4
10741, 4
10753, 4
10765, 4
10777, 4
10789, 4
10801, 4
10813, 4
10825, 4
10837, 4
10849, 4
10861, 4
10873, 4
10885, 4
10897, 4
10909, 4
10921, 4
10933, 4
10945, 4
10957, 4
10969, 4
10981, 4
10993, 4
11005, 4
11017, 4
11029, 4
11041, 4
11053, 4
11065, 4
11077, 4
11089, 4
11101, 4
11113, 4
11125, 4
11137, 4
11149, 4
11161, 4
11173, 4
11185, 4
11197, 4
11209, 4
11221, 4
11233, 4
11245, 4
11257, 4
11269, 4
11281, 4
11293, 4
11305, 4
11317, 4
11329, 4
11341, 4
11353, 4
11365, 4
11377, 4
11389, 4
11401, 4
11413, 4
11425, 4
11437, 4
11449, 4
11461, 4
11473, 4
11485, 4
11497, 4
11509, 4
11521, 4
11533, 4
11545, 4
11557, 4
11569, 4
11581, 4
11593, 4
11605, 4
11617, 4
11629, 4
11641, 4
11653, 4
11665, 4
11677, 4
11689, 4
11701, 4
11713, 4
11725, 2
11737, 2
11749, 2
11761, 2
11773, 2
11785, 2
11797, 4
11809, 2
11821, 2
11833, 2
11845, 2
11857, 2
11869, 2
11881, 2
11893, 2
11905, 4
11917, 4
11929, 2
11941, 2
11953, 2
11965, 2
11977, 2
11989, 2
12001, 4
12013, 4
12025, 4
12037, 4
12049, 4
12061, 4
12073, 4
12085, 4
12097, 4
12109, 4
12121, 4
12133, 4
12145, 4
12157, 2
12169, 2
12181, 2
12193, 2
12205, 4
12217, 4
12229, 2
12241, 2
12253, 2
12265, 2
12277, 2
12289, 2
12301, 2
12313, 2
12325, 2
12337, 2
12349, 2
12361, 2
12373, 2
12385, 2
12397, 2
12409, 2
12421, 2
12433, 2
12445, 2
12457, 2
12469, 2
12481, 2
12493, 2
12505, 2
12517, 2
12529, 2
12541, 2
12553, 2
12565, 2
12577, 2
12589, 4
12601, 4
12613, 4
12625, 4
12637, 4
12649, 4
12661, 4
12673, 4
12685, 4
12697, 4
12709, 2
12721, 2
12733, 2
12745, 2
12757, 2
12769, 2
12781, 2
12793, 2
12805, 2
12817, 2
12829, 4
12841, 4
12853, 4
12865, 4
12877, 4
12889, 2
12901, 2
12913, 2
12925, 2
12937, 2
12949, 2
12961, 2
12973, 2
12985, 2
12997, 2
13009, 2
13021, 2
13033, 2
13045, 2
13057, 2
13069, 2
13081, 2
13093, 2
13105, 2
13117, 2
13129, 2
13141, 2
13153, 2
13165, 2
13177, 2
13189, 2
13201, 2
13213, 2
13225, 2
13237, 2
13249, 2
13261, 2
13273, 2
13285, 2
13297, 2
13309, 2
13321, 2
13333, 2
13345, 2
13357, 2
13369, 2
13381, 2
13393, 2
13405, 2
13417, 2
13429, 2
13441, 2
13453, 2
13465, 2
13477, 2
13489, 2
13501, 2
13513, 2
13525, 2
13537, 2
13549, 2
13561, 2
13573, 2
13585, 2
13597, 2
13609, 2
13621, 2
13633, 2
13645, 2
13657, 2
13669, 2
13681, 2
13693, 4
13705, 4
13717, 4
13729, 4
13741, 4
13753, 4
13765, 4
13777, 4
13789, 2
13801, 2
13813, 2
13825, 2
13837, 2
13849, 2
13861, 2
13873, 2
13885, 2
13897, 2
13909, 2
13921, 2
13933, 2
13945, 2
13957, 2
13969, 2
13981, 2
13993, 2
14005, 2
14017, 2
14029, 2
14041, 2
14053, 2
14065, 2
14077, 2
14089, 2
14101, 2
14113, 2
14125, 2
14137, 2
14149, 2
14161, 2
14173, 2
14185, 4
14197, 4
14209, 4
14221, 4
14233, 4
14245, 4
14257, 4
14269, 4
14281, 4
14293, 4
14305, 4
14317, 4
14329, 4
14341, 2
14353, 2
14365, 2
14377, 2
14389, 2
14401, 2
14413, 2
14425, 2
14437, 2
14449, 2
14461, 2
14473, 2
14485, 2
14497, 2
14509, 2
14521, 2
14533, 2
14545, 2
14557, 2
14569, 2
14581, 4
14593, 4
14605, 2
14617, 2
14629, 4
14641, 4
14653, 4
14665, 4
14677, 4
14689, 4
14701, 4
14713, 4
14725, 4
14737, 4
14749, 4
14761, 4
14773, 4
14785, 4
14797, 4
14809, 4
14821, 4
14833, 4
14845, 4
14857, 4
14869, 4
14881, 4
14893, 4
14905, 4
14917, 4
14929, 4
14941, 4
14953, 4
14965, 4
14977, 4
14989, 4
15001, 4
15013, 4
15025, 4
15037, 4
15049, 4
15061, 4
15073, 2
15085, 2
15097, 2
15109, 2
15121, 2
15133, 2
15145, 2
15157, 2
15169, 2
15181, 2
15193, 2
15205, 2
15217, 2
15229, 2
15241, 2
15253, 2
15265, 2
15277, 2
15289, 2
15301, 2
15313, 2
15325, 2
15337, 2
15349, 2
15361, 2
15373, 2
15385, 2
15397, 2
15409, 2
15421, 2
15433, 2
15445, 2
15457, 2
15469, 2
15481, 2
15493, 2
15505, 2
15517, 2
15529, 2
15541, 2
15553, 2
15565, 2
15577, 2
15589, 2
15601, 2
15613, 2
15625, 4
15637, 4
15649, 4
15661, 4
15673, 4
15685, 4
15697, 4
15709, 4
15721, 4
15733, 4
15745, 4
15757, 4
15769, 4
15781, 4
15793, 4
15805, 4
15817, 4
15829, 2
15841, 2
15853, 2
15865, 2
15877, 2
15889, 2
15901, 2
15913, 2
15925, 2
15937, 2
15949, 4
15961, 4
15973, 4
15985, 4
15997, 4
16009, 4
16021, 4
16033, 4
16045, 4
16057, 4
16069, 4
16081, 4
16093, 4
16105, 4
16117, 4
16129, 4
16141, 4
16153, 4
16165, 4
16177, 4
16189, 4
16201, 4
16213, 4
16225, 4
16237, 4
16249, 4
16261, 4
16273, 4
16285, 4
16297, 4
16309, 4
16321, 4
16333, 4
16345, 4
16357, 4
16369, 4
16381, 4
16393, 4
16405, 4
16417, 4
16429, 4
16441, 4
16453, 4
16465, 4
16477, 4
16489, 4
16501, 4
16513, 4
16525, 4
16537, 4
16549, 4
16561, 4
16573, 4
16585, 4
16597, 4
16609, 4
16621, 4
16633, 4
16645, 4
16657, 4
16669, 4
16681, 4
16693, 4
16705, 4
16717, 4
16729, 2
16741, 2
16753, 2
16765, 2
16777, 2
16789, 2
16801, 2
16813, 2
16825, 2
16837, 2
16849, 2
16861, 2
16873, 2
16885, 2
16897, 2
16909, 2
16921, 2
16933, 2
16945, 2
16957, 2
16969, 2
16981, 2
16993, 2
17005, 2
17017, 2
17029, 2
17041, 4
17053, 4
17065, 2
17077, 2
17089, 2
17101, 2
17113, 2
17125, 2
17137, 2
17149, 2
17161, 4
17173, 4
17185, 4
17197, 4
17209, 4
17221, 4
17233, 4
17245, 4
17257, 4
17269, 4
17281, 4
17293, 4
17305, 2
17317, 2
17329, 2
17341, 2
17353, 2
17365, 2
17377, 2
17389, 2
17401, 4
17413, 4
17425, 4
17437, 4
17449, 4
17461, 4
17473, 4
17485, 4
17497, 4
17509, 4
17521, 1
17533, 1
17545, 1
17557, 1
17569, 1
17581, 1
17593, 1
17605, 1
17617, 1
17629, 1
17641, 1
17653, 1
17665, 1
17677, 1
17689, 1
17701, 1
17713, 1
17725, 4
17737, 4
17749, 4
17761, 4
17773, 4
17785, 4
17797, 4
17809, 4
17821, 4
17833, 4
17845, 4
17857, 4
17869, 4
17881, 4
17893, 4
17905, 4
17917, 4
17929, 4
17941, 4
17953, 4
17965, 4
17977, 4
17989, 4
18001, 4
18013, 4
18025, 4
18037, 4
18049, 4
18061, 4
18073, 4
18085, 4
18097, 4
18109, 4
18121, 4
18133, 4
18145, 4
18157, 4
18169, 4
18181, 4
18193, 4
18205, 4
18217, 4
18229, 4
18241, 4
18253, 4
18265, 4
18277, 4
18289, 4
18301, 4
18313, 4
18325, 4
18337, 4
18349, 4
18361, 4
18373, 4
18385, 4
18397, 4
18409, 4
18421, 4
18433, 4
18445, 4
18457, 4
18469, 4
18481, 4
18493, 4
18505, 4
18517, 4
18529, 4
18541, 4
18553, 4
18565, 4
18577, 4
18589, 4
18601, 4
18613, 4
18625, 4
18637, 4
18649, 4
18661, 4
18673, 4
18685, 4
18697, 4
18709, 4
18721, 4
18733, 4
18745, 4
18757, 4
18769, 4
18781, 4
18793, 4
18805, 4
18817, 4
18829, 4
18841, 4
18853, 4
18865, 4
18877, 4
18889, 4
18901, 0
18913, 0
18925, 0
18937, 0
18949, 0
18961, 0
18973, 0
18985, 0
18997, 0
19009, 0
19021, 0
19033, 0
19045, 0
19057, 0
19069, 0
19081, 0
19093, 0
19105, 0
19117, 0
19129, 4
19141, 4
19153, 4
19165, 4
19177, 4
19189, 4
19201, 4
19213, 4
19225, 4
19237, 4
19249, 4
19261, 4
19273, 4
19285, 4
19297, 4
19309, 4
19321, 4
19333, 4
19345, 4
19357, 4
19369, 4
19381, 4
19393, 4
19405, 4
19417, 4
19429, 4
19441, 4
19453, 4
19465, 4
19477, 4
19489, 4
19501, 4
19513, 4
19525, 2
19537, 2
19549, 2
19561, 2
19573, 2
19585, 2
19597, 2
19609, 2
19621, 2
19633, 2
19645, 2
19657, 2
19669, 2
19681, 2
19693, 2
19705, 2
19717, 2
19729, 2
19741, 2
19753, 2
19765, 2
19777, 2
19789, 2
19801, 2
19813, 2
19825, 2
19837, 2
19849, 2
19861, 2
19873, 2
19885, 2
19897, 2
19909, 2
19921, 2
19933, 2
19945, 2
19957, 2
19969, 2
19981, 2
19993, 2
20005, 2
20017, 2
20029, 2
20041, 2
20053, 2
20065, 2
20077, 2
20089, 2
20101, 2
20113, 2
20125, 2
20137, 2
20149, 2
20161, 2
20173, 2
20185, 2
20197, 2
20209, 2
20221, 2
20233, 2
20245, 2
20257, 2
20269, 2
20281, 2
20293, 2
20305, 2
20317, 2
20329, 2
20341, 2
20353, 2
20365, 2
20377, 2
20389, 2
20401, 2
20413, 2
20425, 2
20437, 2
20449, 2
20461, 2
20473, 2
20485, 2
20497, 2
20509, 2
20521, 2
20533, 2
20545, 2
20557, 2
20569, 2
20581, 2
20593, 2
20605, 2
20617, 2
20629, 2
20641, 2
20653, 2
20665, 2
20677, 2
20689, 2
20701, 2
20713, 2
20725, 2
20737, 2
20749, 2
20761, 2
20773, 2
20785, 2
20797, 2
20809, 2
20821, 2
20833, 2
20845, 2
20857, 2
20869, 2
20881, 2
20893, 2
20905, 2
20917, 0, 2
20929, 0, 2
20941, 0, 2
20953, 0, 2
20965, 0, 2
20977, 0, 2
20989, 0, 2
21001, 0, 2
21013, 0, 2
21025, 0, 2
21037, 0, 2
21049, 0, 2
21061, 0, 2
21073, 0, 2
21085, 0, 2
21097, 0, 2
21109, 0, 2
21121, 0, 2
21133, 0, 2
21145, 0, 2
21157, 0, 2
21169, 0, 2
21181, 0, 2
21193, 0, 2
21205, 0, 2
21217, 0, 2
21229, 0, 2
21241, 0, 2
21253, 0, 2
21265, 0, 2
21277, 0, 2
21289, 0, 2
21301, 0, 2
21313, 0, 2
21325, 0, 2
21337, 0, 2
21349, 0, 2
21361, 0, 2
21373, 0, 2
21385, 0, 2
21397, 0, 2
21409, 0, 2
21421, 0, 2
21433, 0, 2
21445, 0, 2
21457, 0, 2
21469, 0, 2
21481, 0, 2
21493, 0, 2
21505, 0, 2
21517, 0, 2
21529, 0, 2
21541, 0, 2
21553, 0, 2
21565, 0, 2
21577, 0, 2
21589, 0, 2
21601, 0, 2
21613, 0, 2
21625, 0, 2
21637, 0, 2
21649, 0, 2
21661, 0, 2
21673, 0, 2
21685, 0, 2
21697, 0, 2
21709, 0, 2
21721, 0, 2
21733, 0, 2
21745, 0, 2
21757, 0, 2
21769, 2
21781, 0, 2
21793, 0, 2
21805, 0, 2
21817, 0, 2
21829, 0, 2
21841, 0, 2
21853, 0, 2
21865, 0, 2
21877, 2
21889, 2
21901, 0, 2
21913, 0, 2
21925, 0, 2
21937, 0, 2
21949, 0, 2
21961, 0, 2
21973, 0, 2
21985, 0, 2
21997, 0, 2
22009, 0, 2
22021, 0, 2
22033, 0, 2
22045, 0, 2
22057, 0, 2
22069, 0, 2
22081, 0, 2
22093, 0, 2
22105, 0, 2
22117, 0, 2
22129, 0, 2
22141, 0, 2
22153, 0, 2
22165, 0, 2
22177, 0, 2
22189, 0, 2
22201, 0, 2
22213, 0, 2
22225, 0, 2
22237, 0, 2
22249, 0, 2
22261, 0, 2
22273, 0, 2
22285, 0, 2
22297, 0, 2
22309, 0, 2
22321, 0, 2
22333, 0, 2
22345, 0, 2
22357, 0, 2
22369, 0, 2
22381, 0, 2
22393, 0, 2
22405, 0, 2
22417, 0, 2
22429, 0, 2
22441, 2
22453, 2
22465, 2
22477, 2
22489, 4
22501, 4
22513, 0
22525, 0
22537, 0
22549, 0
22561, 0
22573, 0
22585, 0
22597, 0
22609, 0
22621, 0
22633, 0
22645, 0
22657, 0
22669, 0
22681, 0
22693, 0
22705, 0
22717, 0
22729, 0
22741, 0
22753, 0
22765, 0
22777, 0
22789, 0
22801, 0
22813, 0
22825, 0
22837, 0
22849, 0
22861, 0
22873, 0
22885, 0
22897, 0
22909, 0
22921, 0
22933, 0
22945, 0
22957, 0
22969, 0
22981, 0
22993, 0
23005, 0
23017, 0
23029, 0
23041, 0
23053, 0
23065, 0
23077, 0
23089, 0
23101, 4
23113, 4
23125, 4
23137, 4
23149, 4
23161, 4
23173, 4
23185, 4
23197, 4
23209, 4
23221, 4
23233, 4
23245, 4
23257, 4
23269, 4
23281, 4
23293, 4
23305, 4
23317, 4
23329, 4
23341, 4
23353, 4
23365, 4
23377, 4
23389, 4
23401, 4
23413, 4
23425, 4
23437, 4
23449, 4
23461, 4
23473, 4
23485, 4
23497, 4
23509, 4
23521, 4
23533, 4
23545, 4
23557, 4
23569, 4
23581, 4
23593, 4
23605, 4
23617, 4
23629, 4
23641, 4
23653, 4
23665, 4
23677, 4
23689, 4
23701, 4
23713, 4
23725, 4
23737, 4
23749, 4
23761, 4
23773, 4
23785, 4
23797, 4
23809, 4
23821, 4
23833, 4
23845, 4
23857, 4
23869, 4
23881, 4
23893, 4
23905, 4
23917, 4
23929, 4
23941, 4
23953, 4
23965, 0, 4
23977, 0
23989, 0
24001, 0
24013, 0
24025, 0
24037, 0
24049, 0
24061, 0
24073, 4
24085, 4
24097, 4
24109, 4
24121, 4
24133, 4
24145, 4
24157, 4
24169, 4
24181, 4
24193, 4
24205, 4
24217, 4
24229, 4
24241, 4
24253, 4
24265, 4
24277, 4
24289, 4
24301, 4
24313, 4
24325, 4
24337, 4
24349, 4
24361, 4
24373, 4
24385, 4
24397, 4
24409, 4
24421, 4
24433, 4
24445, 4
24457, 4
24469, 4
24481, 4
24493, 4
24505, 4
24517, 4
24529, 4
24541, 4
24553, 4
24565, 4
24577, 4
24589, 4
24601, 4
24613, 4
24625, 4
24637, 4
24649, 4
24661, 4
24673, 4
24685, 4
24697, 4
24709, 4
24721, 4
24733, 4
24745, 4
24757, 4
24769, 4
24781, 4
24793, 4
24805, 4
24817, 4
24829, 4
24841, 4
24853, 4
24865, 4
24877, 4
24889, 4
24901, 4
24913, 4
24925, 4
24937, 4
24949, 4
24961, 4
24973, 4
24985, 4
24997, 4
25009, 4
25021, 4
25033, 4
25045, 4
25057, 4
25069, 4
25081, 4
25093, 4
25105, 4
25117, 4
25129, 4
25141, 4
25153, 4
25165, 4
25177, 4
25189, 4
25201, 4
25213, 4
25225, 4
25237, 4
25249, 4
25261, 4
25273, 4
25285, 4
25297, 4
25309, 4
25321, 4
25333, 4
25345, 4
25357, 4
25369, 4
25381, 4
25393, 4
25405, 4
25417, 4
25429, 4
25441, 4
25453, 4
25465, 4
25477, 4
25489, 4
25501, 4
25513, 4
25525, 4
25537, 4
25549, 4
25561, 4
25573, 4
25585, 4
25597, 4
25609, 4
25621, 4
25633, 4
25645, 4
25657, 4
25669, 4
25681, 4
25693, 4
25705, 4
25717, 4
25729, 4
25741, 4
25753, 4
25765, 4
25777, 4
25789, 4
25801, 4
25813, 4
25825, 4
25837, 4
25849, 4
25861, 4
25873, 4
25885, 4
25897, 4
25909, 4
25921, 4
25933, 4
25945, 4
25957, 4
25969, 4
25981, 4
25993, 4
26005, 4
26017, 4
26029, 4
26041, 4
26053, 4
26065, 4
26077, 4
26089, 4
26101, 4
26113, 4
26125, 4
26137, 4
26149, 4
26161, 4
26173, 4
26185, 4
26197, 4
26209, 4
26221, 4
26233, 4
26245, 4
26257, 4
26269, 4
26281, 4
26293, 4
26305, 4
26317, 4
26329, 4
26341, 4
26353, 4
26365, 4
26377, 4
26389, 4
26401, 4
26413, 4
26425, 4
26437, 4
26449, 4
26461, 4
26473, 4
26485, 4
26497, 4
26509, 4
26521, 4
26533, 4
26545, 4
26557, 4
26569, 4
26581, 4
26593, 4
26605, 4
26617, 4
26629, 4
26641, 4
26653, 4
26665, 4
26677, 4
26689, 4
26701, 4
26713, 4
26725, 4
26737, 4
26749, 4
26761, 4
26773, 4
26785, 4
26797, 4
26809, 4
26821, 4
26833, 4
26845, 4
26857, 4
26869, 4
26881, 4
26893, 4
26905, 4
26917, 4
26929, 4
26941, 4
26953, 4
26965, 4
26977, 4
26989, 4
27001, 4
27013, 4
27025, 4
27037, 4
27049, 4
27061, 4
27073, 4
27085, 4
27097, 4
27109, 4
27121, 4
27133, 4
27145, 4
27157, 4
27169, 4
27181, 4
27193, 4
27205, 4
27217, 4
27229, 4
27241, 4
27253, 4
27265, 4
27277, 4
27289, 4
27301, 4
27313, 4
27325, 4
27337, 4
27349, 4
27361, 4
27373, 4
27385, 4
27397, 4
27409, 4
27421, 4
27433, 4
27445, 4
27457, 4
27469, 4
27481, 4
27493, 4
27505, 4
27517, 4
27529, 4
27541, 4
27553, 4
27565, 4
27577, 4
27589, 4
27601, 4
27613, 4
27625, 4
27637, 4
27649, 4
27661, 4
27673, 4
27685, 4
27697, 4
27709, 4
27721, 4
27733, 4
27745, 4
27757, 4
27769, 4
27781, 4
27793, 4
27805, 4
27817, 4
27829, 4
27841, 4
27853, 4
27865, 4
27877, 4
27889, 4
27901, 4
27913, 4
27925, 4
27937, 4
27949, 4
27961, 4
27973, 4
27985, 4
27997, 4
28009, 4
28021, 4
28033, 4
28045, 4
28057, 4
28069, 4
28081, 4
28093, 4
28105, 4
28117, 4
28129, 4
28141, 4
28153, 4
28165, 4
28177, 4
28189, 4
28201, 4
28213, 4
28225, 4
28237, 4
28249, 4
28261, 4
28273, 4
28285, 4
28297, 4
28309, 4
28321, 4
28333, 4
28345, 4
28357, 4
28369, 4
28381, 4
28393, 4
28405, 4
28417, 4
28429, 4
28441, 4
28453, 4
28465, 4
28477, 4
28489, 4
28501, 4
28513, 4
28525, 4
28537, 4
28549, 4
28561, 4
28573, 4
28585, 4
28597, 4
28609, 4
28621, 4
28633, 4
28645, 4
28657, 4
28669, 4
28681, 4
28693, 4
28705, 4
28717, 4
28729, 4
28741, 4
28753, 4
28765, 4
28777, 4
28789, 4
28801, 4
28813, 4
28825, 4
28837, 4
28849, 4
28861, 4
28873, 4
28885, 4
28897, 4
28909, 4
28921, 4
28933, 4
28945, 4
28957, 4
28969, 4
28981, 4
28993, 4
29005, 4
29017, 4
29029, 4
29041, 4
29053, 4
29065, 4
29077, 4
29089, 4
29101, 4
29113, 4
29125, 4
29137, 4
29149, 4
29161, 4
29173, 4
29185, 4
29197, 4
29209, 4
29221, 4
29233, 4
29245, 4
29257, 4
29269, 4
29281, 4
29293, 4
29305, 4
29317, 4
29329, 4
29341, 4
29353, 4
29365, 4
29377, 4
29389, 4
29401, 4
29413, 4
29425, 4
29437, 4
29449, 4
29461, 4
29473, 4
29485, 4
29497, 4
29509, 0
29521, 0
29533, 0
29545, 0
29557, 0
29569, 0
29581, 0
29593, 0
29605, 0
29617, 0
29629, 0
29641, 0
29653, 0
29665, 0
29677, 0
29689, 0
29701, 0
29713, 0
29725, 0
29737, 0
29749, 0
29761, 0
29773, 0
29785, 0
29797, 0
29809, 0
29821, 0
29833, 0
29845, 0
29857, 0
29869, 0
29881, 0
29893, 0
29905, 0
29917, 0
29929, 0
29941, 0
29953, 0
29965, 0
29977, 0
29989, 0
30001, 0
30013, 0
30025, 0
30037, 0
30049, 0
30061, 0
30073, 0
30085, 0
30097, 0
30109, 0
30121, 0
30133, 0
30145, 0
30157, 0
30169, 0
30181, 0
30193, 0
30205, 0
30217, 0
30229, 0
30241, 0
30253, 0
30265, 0
30277, 0
30289, 0
30301, 0
30313, 0
30325, 0
30337, 0
30349, 0
30361, 0
30373, 0
30385, 0
30397, 0
30409, 0
30421, 0
30433, 0
30445, 0
30457, 0
30469, 0
30481, 0
30493, 0
30505, 0
30517, 0
30529, 0
30541, 0
30553, 0
30565, 0
30577, 0
30589, 0
30601, 0
30613, 0
30625, 0
30637, 0
30649, 0
30661, 0
30673, 0
30685, 0
30697, 0
30709, 0
30721, 0
30733, 0
30745, 0
30757, 0
30769, 0
30781, 0
30793, 0
30805, 0
30817, 0
30829, 0
30841, 0
30853, 0
30865, 0
30877, 0
30889, 0
30901, 0
30913, 0
30925, 0
30937, 0
30949, 0
30961, 0
30973, 0
30985, 0
30997, 0
31009, 0
31021, 0
31033, 0
31045, 0
31057, 0
31069, 0
31081, 0
31093, 0
31105, 0
31117, 0
31129, 0
31141, 0
31153, 0
31165, 0
31177, 0
31189, 0
31201, 0
31213, 0
31225, 0
31237, 0
31249, 0
31261, 0
31273, 0
31285, 0
31297, 0
31309, 0
31321, 0
31333, 0
31345, 0
31357, 0
31369, 0
31381, 0
31393, 0
31405, 0
31417, 0
31429, 0
31441, 0
31453, 0
31465, 0
31477, 1
31489, 1
31501, 1
31513, 1
31525, 1
31537, 1
31549, 1
31561, 1
31573, 1
31585, 1
31597, 1
31609, 1
31621, 1
31633, 1
31645, 1
31657, 1
31669, 1
31681, 1
31693, 4
31705, 0
31717, 0
31729, 0
31741, 0
31753, 0
31765, 0
31777, 0
31789, 0
31801, 0
31813, 0
31825, 0
31837, 0
31849, 0
31861, 0
31873, 0
31885, 0
31897, 0
31909, 0
31921, 0
31933, 0
31945, 4
31957, 4
31969, 4
31981, 4
31993, 4
32005, 4
32017, 4
32029, 4
32041, 4
32053, 4
32065, 4
32077, 4
32089, 4
32101, 4
32113, 4
32125, 4
32137, 4
32149, 4
32161, 4
32173, 4
32185, 4
32197, 4
32209, 4
32221, 4
32233, 4
32245, 4
32257, 4
32269, 4
32281, 4
32293, 0
32305, 0
32317, 0
32329, 0
32341, 0
32353, 0
32365, 0
32377, 0
32389, 0
32401, 0
32413, 0
32425, 0
32437, 0
32449, 0
32461, 0
32473, 0
32485, 0
32497, 0
32509, 0
32521, 0
32533, 0
32545, 0
32557, 0
32569, 0
32581, 0
32593, 0
32605, 0
32617, 0
32629, 0
32641, 0
32653, 0
32665, 0
32677, 0
32689, 0
32701, 0
32713, 0
32725, 0
32737, 0
32749, 0
32761, 0
32773, 0
32785, 0
32797, 0
32809, 0
32821, 0
32833, 0
32845, 4
32857, 4
32869, 4
32881, 4
32893, 4
32905, 4
32917, 4
32929, 0
32941, 0
32953, 0
32965, 0
32977, 0
32989, 0
33001, 0
33013, 0
33025, 0
33037, 0
33049, 4
33061, 4
33073, 4
33085, 4
33097, 4
33109, 4
33121, 4
33133, 4
33145, 4
33157, 4
33169, 4
33181, 4
33193, 4
33205, 4
33217, 4
33229, 4
33241, 4
33253, 4
33265, 4
33277, 4
33289, 4
33301, 4
33313, 4
33325, 4
33337, 4
33349, 4
33361, 4
33373, 4
33385, 4
33397, 4
33409, 4
33421, 4
33433, 4
33445, 4
33457, 4
33469, 4
33481, 4
33493, 4
33505, 4
33517, 4
33529, 4
33541, 4
33553, 4
33565, 4
33577, 4
33589, 4
33601, 4
33613, 4
33625, 4
33637, 0
33649, 0
33661, 0
33673, 0
33685, 0
33697, 0
33709, 0
33721, 0
33733, 0
33745, 0
33757, 0
33769, 0
33781, 0
33793, 0
33805, 0
33817, 0
33829, 0
33841, 0
33853, 0
33865, 0
33877, 0
33889, 0
33901, 0
33913, 0
33925, 0
33937, 0
33949, 0
33961, 0
33973, 0
33985, 0
33997, 0
34009, 0
34021, 0
34033, 0
34045, 0
34057, 0
34069, 0
34081, 4
34093, 4
34105, 4
34117, 4
34129, 4
34141, 4
34153, 4
34165, 4
34177, 4
34189, 4
34201, 4
34213, 4
34225, 4
34237, 4
34249, 4
34261, 4
34273, 4
34285, 4
34297, 4
34309, 4
34321, 4
34333, 4
34345, 4
34357, 4
34369, 0
34381, 0
34393, 0
34405, 0
34417, 0
34429, 0
34441, 0
34453, 0
34465, 0
34477, 0
34489, 0
34501, 0
34513, 0
34525, 0
34537, 0
34549, 4
34561, 4
34573, 4
34585, 4
34597, 4
34609, 4
34621, 4
34633, 4
34645, 4
34657, 0
34669, 0
34681, 0
34693, 0
34705, 0
34717, 0
34729, 0
34741, 0
34753, 0
34765, 0
34777, 0
34789, 0
34801, 0
34813, 0
34825, 0
34837, 0
34849, 0, 2
34861, 0, 2
34873, 0, 2
34885, 0, 2
34897, 0, 2
34909, 0, 2
34921, 0, 2
34933, 0, 2
34945, 0, 2
34957, 0, 2
34969, 0, 2
34981, 0, 2
34993, 0, 2
35005, 0, 2
35017, 0, 2
35029, 0, 2
35041, 0, 2
35053, 0, 2
35065, 0, 2
35077, 0, 2
35089, 0, 2
35101, 0, 2
35113, 0, 2
35125, 0, 2
35137, 0, 2
35149, 0, 2
35161, 0, 2
35173, 0, 2
35185, 0, 2
35197, 0, 2
35209, 0, 2
35221, 0, 2
35233, 0, 2
35245, 0, 2
35257, 0, 2
35269, 0, 2
35281, 0, 2
35293, 0, 2
35305, 0, 2
35317, 0, 2
35329, 0, 2
35341, 0, 2
35353, 0, 2
35365, 0, 2
35377, 0, 2
35389, 0, 2
35401, 0, 2
35413, 0, 2
35425, 0, 2
35437, 0, 2
35449, 0, 2
35461, 0, 2
35473, 0, 2
35485, 0, 2
35497, 0, 2
35509, 0, 2
35521, 0, 2
35533, 0, 2
35545, 0, 2
35557, 0, 2
35569, 0, 2
35581, 0, 2
35593, 0, 2
35605, 0, 2
35617, 0, 2
35629, 0, 2
35641, 0, 2
35653, 0, 2
35665, 0, 2
35677, 0, 2
35689, 0, 2
35701, 0, 2
35713, 0, 2
35725, 0, 2
35737, 0, 2
35749, 0, 2
35761, 0, 2
35773, 0, 2
35785, 0, 2
35797, 0, 2
35809, 0, 2
35821, 0, 2
35833, 0, 2
35845, 0, 2
35857, 0, 2
35869, 0, 2
35881, 0, 2
35893, 0, 2
35905, 0, 2
35917, 0, 2
35929, 0, 2
35941, 0, 2
35953, 0, 2
35965, 0, 2
35977, 0, 2
35989, 0, 2
36001, 0, 2
36013, 0, 2
36025, 0, 2
36037, 0, 2
36049, 0, 2
36061, 0, 2
36073, 0, 2
36085, 0, 2
36097, 0, 2
36109, 0, 2
36121, 0, 2
36133, 0, 2
36145, 0, 2
36157, 0, 2
36169, 0, 2
36181, 0, 2
36193, 0, 2
36205, 0, 2
36217, 0, 2
36229, 0, 2
36241, 0, 2
36253, 0, 2
36265, 0, 2
36277, 0, 2
36289, 0, 2
36301, 0, 2
36313, 0, 2
36325, 0, 2
36337, 0, 2
36349, 0, 2
36361, 0, 2
36373, 0, 2
36385, 0, 2
36397, 0, 2
36409, 0, 2
36421, 0, 2
36433, 0, 2
36445, 0, 2
36457, 0, 2
36469, 0, 2
36481, 0, 2
36493, 0, 2
36505, 0, 2
36517, 0, 2
36529, 4
36541, 4
36553, 4
36565, 4
36577, 0, 2
36589, 0, 2
36601, 0, 2
36613, 0, 2
36625, 0, 2
36637, 0, 2
36649, 0, 2
36661, 0, 2
36673, 0, 2
36685, 0, 2
36697, 0, 2
36709, 0, 2
36721, 0, 2
36733, 0, 2
36745, 0, 2
36757, 0, 2
36769, 4
36781, 4
36793, 0
36805, 0
36817, 0
36829, 0
36841, 0
36853, 0
36865, 0
36877, 0
36889, 0
36901, 0
36913, 0
36925, 0
36937, 0
36949, 0
36961, 0
36973, 0
36985, 0
36997, 0
37009, 0
37021, 0
37033, 0
37045, 0
37057, 0
37069, 0
37081, 0
37093, 0
37105, 0
37117, 0
37129, 0
37141, 0
37153, 0
37165, 0
37177, 0
37189, 0
37201, 0
37213, 0
37225, 0
37237, 0
37249, 0
37261, 0
37273, 0
37285, 0
37297, 0
37309, 0
37321, 0
37333, 0
37345, 0
37357, 0
37369, 0
37381, 0
37393, 0
37405, 0
37417, 0, 2
37429, 0, 2
37441, 0, 2
37453, 0, 2
37465, 0, 2
37477, 0, 2
37489, 0, 2
37501, 0, 2
37513, 0, 2
37525, 0, 2
37537, 0, 2
37549, 0, 2
37561, 4
37573, 4
37585, 4
37597, 4
37609, 4
37621, 4
37633, 4
37645, 4
37657, 4
37669, 4
37681, 4
37693, 4
37705, 4
37717, 4
37729, 4
37741, 4
37753, 4
37765, 4
37777, 4
37789, 4
37801, 4
37813, 4
37825, 4
37837, 4
37849, 4
37861, 4
37873, 4
37885, 4
37897, 4
37909, 4
37921, 4
37933, 4
37945, 4
37957, 4
37969, 4
37981, 4
37993, 4
38005, 4
38017, 4
38029, 4
38041, 4
38053, 4
38065, 4
38077, 4
38089, 4
38101, 4
38113, 4
38125, 4
38137, 4
38149, 4
38161, 4
38173, 4
38185, 4
38197, 4
38209, 4
38221, 4
38233, 4
38245, 4
38257, 4
38269, 4
38281, 4
38293, 4
38305, 4
38317, 1
38329, 1
38341, 1
38353, 1
38365, 1
38377, 1
38389, 1
38401, 1
38413, 1
38425, 1
38437, 1
38449, 1
38461, 1
38473, 1
38485, 1
38497, 4
38509, 4
38521, 4
38533, 4
38545, 4
38557, 4
38569, 4
38581, 4
38593, 4
38605, 4
38617, 4
38629, 4
38641, 4
38653, 4
38665, 4
38677, 4
38689, 4
38701, 4
