txt_file, frame_id, label
1, 1648, 2
1, 1960, 2
1, 1972, 2
1, 10072, 2
1, 10096, 2
1, 10108, 2
1, 18304, 2
1, 18316, 2
1, 18328, 2
1, 18340, 2
1, 18352, 2
1, 18364, 2
1, 18376, 2
1, 18388, 2
1, 18400, 2
1, 18412, 2
1, 18424, 2
1, 18436, 2
1, 18448, 2
1, 18460, 2
1, 18472, 2
1, 18484, 2
1, 18496, 2
1, 18508, 2
1, 18520, 2
1, 18532, 2
1, 18544, 2
1, 18556, 2
1, 18568, 2
1, 18580, 2
1, 18592, 2
1, 18604, 2
1, 18616, 2
1, 18628, 2
1, 18640, 2
1, 18652, 2
1, 18664, 2
1, 18676, 2
1, 18688, 2
1, 18700, 2
1, 18712, 2
1, 18724, 2
1, 18736, 2
1, 18748, 2
1, 18760, 2
1, 18772, 2
1, 18784, 2
1, 18796, 2
1, 18808, 2
1, 18820, 2
1, 18832, 2
1, 18844, 2
1, 18856, 2
1, 18868, 2
1, 18880, 2
1, 18892, 2
1, 18904, 2
1, 18916, 2
1, 18928, 2
1, 18940, 2
1, 18952, 2
1, 18964, 2
1, 18976, 2
1, 18988, 2
1, 19000, 2
1, 19012, 2
1, 19024, 2
1, 19036, 2
1, 19048, 2
1, 19060, 2
1, 19072, 2
1, 19084, 2
1, 19096, 2
1, 19108, 2
1, 19120, 2
1, 19132, 2
1, 19144, 2
1, 19156, 2
1, 19168, 2
1, 19180, 2
1, 19192, 2
1, 19204, 2
1, 19216, 2
1, 19228, 2
1, 19240, 2
1, 19252, 2
1, 19264, 2
1, 19276, 2
1, 19288, 2
1, 19300, 2
1, 19312, 2
1, 19348, 2
1, 19360, 2
1, 19372, 2
1, 19384, 2
1, 19396, 2
1, 19408, 2
1, 19420, 2
1, 19432, 2
1, 19444, 2
1, 19456, 2
1, 19468, 2
1, 19480, 2
1, 19492, 2
1, 19504, 2
1, 19516, 2
1, 19528, 2
1, 19540, 2
1, 19552, 2
1, 19564, 2
1, 19576, 2
1, 19588, 2
1, 19600, 2
1, 19612, 2
1, 19624, 2
1, 19660, 2
1, 19672, 2
1, 19684, 2
1, 19696, 2
2, 1825, 2
2, 1837, 2
2, 8773, 2
2, 8785, 2
2, 8797, 2
2, 8809, 2
2, 8821, 2
2, 8833, 2
2, 8845, 2
2, 8857, 2
2, 11725, 2
2, 11737, 2
2, 11749, 2
2, 11761, 2
2, 11773, 2
2, 11785, 2
2, 11809, 2
2, 11821, 2
2, 11833, 2
2, 11845, 2
2, 11857, 2
2, 11869, 2
2, 11881, 2
2, 11893, 2
2, 11929, 2
2, 11941, 2
2, 11953, 2
2, 11965, 2
2, 11977, 2
2, 11989, 2
2, 12157, 2
2, 12169, 2
2, 12181, 2
2, 12193, 2
2, 12229, 2
2, 12241, 2
2, 12253, 2
2, 12265, 2
2, 12277, 2
2, 12289, 2
2, 12301, 2
2, 12313, 2
2, 12325, 2
2, 12337, 2
2, 12349, 2
2, 12361, 2
2, 12373, 2
2, 12385, 2
2, 12397, 2
2, 12409, 2
2, 12421, 2
2, 12433, 2
2, 12445, 2
2, 12457, 2
2, 12469, 2
2, 12481, 2
2, 12493, 2
2, 12505, 2
2, 12517, 2
2, 12529, 2
2, 12541, 2
2, 12553, 2
2, 12565, 2
2, 12577, 2
2, 12709, 2
2, 12721, 2
2, 12733, 2
2, 12745, 2
2, 12757, 2
2, 12769, 2
2, 12781, 2
2, 12793, 2
2, 12805, 2
2, 12817, 2
2, 12889, 2
2, 12901, 2
2, 12913, 2
2, 12925, 2
2, 12937, 2
2, 12949, 2
2, 12961, 2
2, 12973, 2
2, 12985, 2
2, 12997, 2
2, 13009, 2
2, 13021, 2
2, 13033, 2
2, 13045, 2
2, 13057, 2
2, 13069, 2
2, 13081, 2
2, 13093, 2
2, 13105, 2
2, 13117, 2
2, 13129, 2
2, 13141, 2
2, 13153, 2
2, 13165, 2
2, 13177, 2
2, 13189, 2
2, 13201, 2
2, 13213, 2
2, 13225, 2
2, 13237, 2
2, 13249, 2
2, 13261, 2
2, 13273, 2
2, 13285, 2
2, 13297, 2
2, 13309, 2
2, 13321, 2
2, 13333, 2
2, 13345, 2
2, 13357, 2
2, 13369, 2
2, 13381, 2
2, 13393, 2
2, 13405, 2
2, 13417, 2
2, 13429, 2
2, 13441, 2
2, 13453, 2
2, 13465, 2
2, 13477, 2
2, 13489, 2
2, 13501, 2
2, 13513, 2
2, 13525, 2
2, 13537, 2
2, 13549, 2
2, 13561, 2
2, 13573, 2
2, 13585, 2
2, 13597, 2
2, 13609, 2
2, 13621, 2
2, 13633, 2
2, 13645, 2
2, 13657, 2
2, 13669, 2
2, 13681, 2
2, 13789, 2
2, 13801, 2
2, 13813, 2
2, 13825, 2
2, 13837, 2
2, 13849, 2
2, 13861, 2
2, 13873, 2
2, 13885, 2
2, 13897, 2
2, 13909, 2
2, 13921, 2
2, 13933, 2
2, 13945, 2
2, 13957, 2
2, 13969, 2
2, 13981, 2
2, 13993, 2
2, 14005, 2
2, 14017, 2
2, 14029, 2
2, 14041, 2
2, 14053, 2
2, 14065, 2
2, 14077, 2
2, 14089, 2
2, 14101, 2
2, 14113, 2
2, 14125, 2
2, 14137, 2
2, 14149, 2
2, 14161, 2
2, 14173, 2
2, 14341, 2
2, 14353, 2
2, 14365, 2
2, 14377, 2
2, 14389, 2
2, 14401, 2
2, 14413, 2
2, 14425, 2
2, 14437, 2
2, 14449, 2
2, 14461, 2
2, 14473, 2
2, 14485, 2
2, 14497, 2
2, 14509, 2
2, 14521, 2
2, 14533, 2
2, 14545, 2
2, 14557, 2
2, 14569, 2
2, 14605, 2
2, 14617, 2
2, 15073, 2
2, 15085, 2
2, 15097, 2
2, 15109, 2
2, 15121, 2
2, 15133, 2
2, 15145, 2
2, 15157, 2
2, 15169, 2
2, 15181, 2
2, 15193, 2
2, 15205, 2
2, 15217, 2
2, 15229, 2
2, 15241, 2
2, 15253, 2
2, 15265, 2
2, 15277, 2
2, 15289, 2
2, 15301, 2
2, 15313, 2
2, 15325, 2
2, 15337, 2
2, 15349, 2
2, 15361, 2
2, 15373, 2
2, 15385, 2
2, 15397, 2
2, 15409, 2
2, 15421, 2
2, 15433, 2
2, 15445, 2
2, 15457, 2
2, 15469, 2
2, 15481, 2
2, 15493, 2
2, 15505, 2
2, 15517, 2
2, 15529, 2
2, 15541, 2
2, 15553, 2
2, 15565, 2
2, 15577, 2
2, 15589, 2
2, 15601, 2
2, 15613, 2
2, 15829, 2
2, 15841, 2
2, 15853, 2
2, 15865, 2
2, 15877, 2
2, 15889, 2
2, 15901, 2
2, 15913, 2
2, 15925, 2
2, 15937, 2
2, 16729, 2
2, 16741, 2
2, 16753, 2
2, 16765, 2
2, 16777, 2
2, 16789, 2
2, 16801, 2
2, 16813, 2
2, 16825, 2
2, 16837, 2
2, 16849, 2
2, 16861, 2
2, 16873, 2
2, 16885, 2
2, 16897, 2
2, 16909, 2
2, 16921, 2
2, 16933, 2
2, 16945, 2
2, 16957, 2
2, 16969, 2
2, 16981, 2
2, 16993, 2
2, 17005, 2
2, 17017, 2
2, 17029, 2
2, 17065, 2
2, 17077, 2
2, 17089, 2
2, 17101, 2
2, 17113, 2
2, 17125, 2
2, 17137, 2
2, 17149, 2
2, 17305, 2
2, 17317, 2
2, 17329, 2
2, 17341, 2
2, 17353, 2
2, 17365, 2
2, 17377, 2
2, 17389, 2
2, 19525, 2
2, 19537, 2
2, 19549, 2
2, 19561, 2
2, 19573, 2
2, 19585, 2
2, 19597, 2
2, 19609, 2
2, 19621, 2
2, 19633, 2
2, 19645, 2
2, 19657, 2
2, 19669, 2
2, 19681, 2
2, 19693, 2
2, 19705, 2
2, 19717, 2
2, 19729, 2
2, 19741, 2
2, 19753, 2
2, 19765, 2
2, 19777, 2
2, 19789, 2
2, 19801, 2
2, 19813, 2
2, 19825, 2
2, 19837, 2
2, 19849, 2
2, 19861, 2
2, 19873, 2
2, 19885, 2
2, 19897, 2
2, 19909, 2
2, 19921, 2
2, 19933, 2
2, 19945, 2
2, 19957, 2
2, 19969, 2
2, 19981, 2
2, 19993, 2
2, 20005, 2
2, 20017, 2
2, 20029, 2
2, 20041, 2
2, 20053, 2
2, 20065, 2
2, 20077, 2
2, 20089, 2
2, 20101, 2
2, 20113, 2
2, 20125, 2
2, 20137, 2
2, 20149, 2
2, 20161, 2
2, 20173, 2
2, 20185, 2
2, 20197, 2
2, 20209, 2
2, 20221, 2
2, 20233, 2
2, 20245, 2
2, 20257, 2
2, 20269, 2
2, 20281, 2
2, 20293, 2
2, 20305, 2
2, 20317, 2
2, 20329, 2
2, 20341, 2
2, 20353, 2
2, 20365, 2
2, 20377, 2
2, 20389, 2
2, 20401, 2
2, 20413, 2
2, 20425, 2
2, 20437, 2
2, 20449, 2
2, 20461, 2
2, 20473, 2
2, 20485, 2
2, 20497, 2
2, 20509, 2
2, 20521, 2
2, 20533, 2
2, 20545, 2
2, 20557, 2
2, 20569, 2
2, 20581, 2
2, 20593, 2
2, 20605, 2
2, 20617, 2
2, 20629, 2
2, 20641, 2
2, 20653, 2
2, 20665, 2
2, 20677, 2
2, 20689, 2
2, 20701, 2
2, 20713, 2
2, 20725, 2
2, 20737, 2
2, 20749, 2
2, 20761, 2
2, 20773, 2
2, 20785, 2
2, 20797, 2
2, 20809, 2
2, 20821, 2
2, 20833, 2
2, 20845, 2
2, 20857, 2
2, 20869, 2
2, 20881, 2
2, 20893, 2
2, 20905, 2
2, 20917, 2
2, 20929, 2
2, 20941, 2
2, 20953, 2
2, 20965, 2
2, 20977, 2
2, 20989, 2
2, 21001, 2
2, 21013, 2
2, 21025, 2
2, 21037, 2
2, 21049, 2
2, 21061, 2
2, 21073, 2
2, 21085, 2
2, 21097, 2
2, 21109, 2
2, 21121, 2
2, 21133, 2
2, 21145, 2
2, 21157, 2
2, 21169, 2
2, 21181, 2
2, 21193, 2
2, 21205, 2
2, 21217, 2
2, 21229, 2
2, 21241, 2
2, 21253, 2
2, 21265, 2
2, 21277, 2
2, 21289, 2
2, 21301, 2
2, 21313, 2
2, 21325, 2
2, 21337, 2
2, 21349, 2
2, 21361, 2
2, 21373, 2
2, 21385, 2
2, 21397, 2
2, 21409, 2
2, 21421, 2
2, 21433, 2
2, 21445, 2
2, 21457, 2
2, 21469, 2
2, 21481, 2
2, 21493, 2
2, 21505, 2
2, 21517, 2
2, 21529, 2
2, 21541, 2
2, 21553, 2
2, 21565, 2
2, 21577, 2
2, 21589, 2
2, 21601, 2
2, 21613, 2
2, 21625, 2
2, 21637, 2
2, 21649, 2
2, 21661, 2
2, 21673, 2
2, 21685, 2
2, 21697, 2
2, 21709, 2
2, 21721, 2
2, 21733, 2
2, 21745, 2
2, 21757, 2
2, 21769, 2
2, 21781, 2
2, 21793, 2
2, 21805, 2
2, 21817, 2
2, 21829, 2
2, 21841, 2
2, 21853, 2
2, 21865, 2
2, 21877, 2
2, 21889, 2
2, 21901, 2
2, 21913, 2
2, 21925, 2
2, 21937, 2
2, 21949, 2
2, 21961, 2
2, 21973, 2
2, 21985, 2
2, 21997, 2
2, 22009, 2
2, 22021, 2
2, 22033, 2
2, 22045, 2
2, 22057, 2
2, 22069, 2
2, 22081, 2
2, 22093, 2
2, 22105, 2
2, 22117, 2
2, 22129, 2
2, 22141, 2
2, 22153, 2
2, 22165, 2
2, 22177, 2
2, 22189, 2
2, 22201, 2
2, 22213, 2
2, 22225, 2
2, 22237, 2
2, 22249, 2
2, 22261, 2
2, 22273, 2
2, 22285, 2
2, 22297, 2
2, 22309, 2
2, 22321, 2
2, 22333, 2
2, 22345, 2
2, 22357, 2
2, 22369, 2
2, 22381, 2
2, 22393, 2
2, 22405, 2
2, 22417, 2
2, 22429, 2
2, 22441, 2
2, 22453, 2
2, 22465, 2
2, 22477, 2
2, 34849, 2
2, 34861, 2
2, 34873, 2
2, 34885, 2
2, 34897, 2
2, 34909, 2
2, 34921, 2
2, 34933, 2
2, 34945, 2
2, 34957, 2
2, 34969, 2
2, 34981, 2
2, 34993, 2
2, 35005, 2
2, 35017, 2
2, 35029, 2
2, 35041, 2
2, 35053, 2
2, 35065, 2
2, 35077, 2
2, 35089, 2
2, 35101, 2
2, 35113, 2
2, 35125, 2
2, 35137, 2
2, 35149, 2
2, 35161, 2
2, 35173, 2
2, 35185, 2
2, 35197, 2
2, 35209, 2
2, 35221, 2
2, 35233, 2
2, 35245, 2
2, 35257, 2
2, 35269, 2
2, 35281, 2
2, 35293, 2
2, 35305, 2
2, 35317, 2
2, 35329, 2
2, 35341, 2
2, 35353, 2
2, 35365, 2
2, 35377, 2
2, 35389, 2
2, 35401, 2
2, 35413, 2
2, 35425, 2
2, 35437, 2
2, 35449, 2
2, 35461, 2
2, 35473, 2
2, 35485, 2
2, 35497, 2
2, 35509, 2
2, 35521, 2
2, 35533, 2
2, 35545, 2
2, 35557, 2
2, 35569, 2
2, 35581, 2
2, 35593, 2
2, 35605, 2
2, 35617, 2
2, 35629, 2
2, 35641, 2
2, 35653, 2
2, 35665, 2
2, 35677, 2
2, 35689, 2
2, 35701, 2
2, 35713, 2
2, 35725, 2
2, 35737, 2
2, 35749, 2
2, 35761, 2
2, 35773, 2
2, 35785, 2
2, 35797, 2
2, 35809, 2
2, 35821, 2
2, 35833, 2
2, 35845, 2
2, 35857, 2
2, 35869, 2
2, 35881, 2
2, 35893, 2
2, 35905, 2
2, 35917, 2
2, 35929, 2
2, 35941, 2
2, 35953, 2
2, 35965, 2
2, 35977, 2
2, 35989, 2
2, 36001, 2
2, 36013, 2
2, 36025, 2
2, 36037, 2
2, 36049, 2
2, 36061, 2
2, 36073, 2
2, 36085, 2
2, 36097, 2
2, 36109, 2
2, 36121, 2
2, 36133, 2
2, 36145, 2
2, 36157, 2
2, 36169, 2
2, 36181, 2
2, 36193, 2
2, 36205, 2
2, 36217, 2
2, 36229, 2
2, 36241, 2
2, 36253, 2
2, 36265, 2
2, 36277, 2
2, 36289, 2
2, 36301, 2
2, 36313, 2
2, 36325, 2
2, 36337, 2
2, 36349, 2
2, 36361, 2
2, 36373, 2
2, 36385, 2
2, 36397, 2
2, 36409, 2
2, 36421, 2
2, 36433, 2
2, 36445, 2
2, 36457, 2
2, 36469, 2
2, 36481, 2
2, 36493, 2
2, 36505, 2
2, 36517, 2
2, 36577, 2
2, 36589, 2
2, 36601, 2
2, 36613, 2
2, 36625, 2
2, 36637, 2
2, 36649, 2
2, 36661, 2
2, 36673, 2
2, 36685, 2
2, 36697, 2
2, 36709, 2
2, 36721, 2
2, 36733, 2
2, 36745, 2
2, 36757, 2
2, 37417, 2
2, 37429, 2
2, 37441, 2
2, 37453, 2
2, 37465, 2
2, 37477, 2
2, 37489, 2
2, 37501, 2
2, 37513, 2
2, 37525, 2
2, 37537, 2
2, 37549, 2
3, 2078, 2
3, 2090, 2
3, 4538, 2
3, 4550, 2
3, 4562, 2
3, 4574, 2
3, 4586, 2
3, 4598, 2
3, 4610, 2
3, 4622, 2
3, 4634, 2
3, 4646, 2
3, 4658, 2
3, 9962, 2
3, 9986, 2
3, 9998, 2
3, 10010, 2
3, 10022, 2
3, 10034, 2
3, 10046, 2
3, 10058, 2
3, 10070, 2
3, 10082, 2
3, 10094, 2
3, 10106, 2
3, 10118, 2
3, 10130, 2
3, 10142, 2
3, 10154, 2
3, 10166, 2
3, 10178, 2
3, 10190, 2
3, 10202, 2
3, 10214, 2
3, 10226, 2
3, 10238, 2
3, 10250, 2
3, 10262, 2
3, 10274, 2
3, 10286, 2
3, 10298, 2
3, 10310, 2
3, 10322, 2
3, 10334, 2
3, 10346, 2
3, 10358, 2
3, 10370, 2
3, 10382, 2
3, 10394, 2
3, 10406, 2
3, 10418, 2
3, 10430, 2
3, 10442, 2
3, 10454, 2
3, 10466, 2
3, 10478, 2
3, 10490, 2
3, 10502, 2
3, 10514, 2
3, 10526, 2
3, 10538, 2
3, 10550, 2
3, 10562, 2
3, 10574, 2
3, 10586, 2
3, 10598, 2
3, 10610, 2
3, 10622, 2
3, 10634, 2
3, 10646, 2
3, 10658, 2
3, 10670, 2
3, 10682, 2
3, 10694, 2
3, 10706, 2
3, 10718, 2
3, 10730, 2
3, 10742, 2
3, 10754, 2
3, 10766, 2
3, 10778, 2
3, 10790, 2
3, 10802, 2
3, 10814, 2
3, 10826, 2
3, 10838, 2
3, 10850, 2
3, 10862, 2
3, 10874, 2
3, 10886, 2
3, 10898, 2
3, 10910, 2
3, 10922, 2
3, 10934, 2
3, 10946, 2
3, 10958, 2
3, 10970, 2
3, 10982, 2
3, 10994, 2
3, 11006, 2
3, 11018, 2
3, 11030, 2
3, 11042, 2
3, 11054, 2
3, 11066, 2
3, 11078, 2
3, 11090, 2
3, 11102, 2
3, 11114, 2
3, 11126, 2
3, 11138, 2
3, 11150, 2
3, 11162, 2
3, 11174, 2
3, 11186, 2
3, 11198, 2
3, 11210, 2
3, 11222, 2
3, 11234, 2
3, 11246, 2
3, 11258, 2
3, 11270, 2
3, 11282, 2
3, 11294, 2
3, 11306, 2
3, 11318, 2
3, 11330, 2
3, 11342, 2
3, 11354, 2
3, 11438, 2
3, 11450, 2
3, 11462, 2
3, 11474, 2
3, 16538, 2
3, 16550, 2
3, 16562, 2
3, 16574, 2
3, 16586, 2
3, 16598, 2
3, 16610, 2
3, 16622, 2
3, 16634, 2
3, 16646, 2
3, 16658, 2
3, 16670, 2
3, 16682, 2
3, 16694, 2
3, 16706, 2
3, 16718, 2
3, 16730, 2
3, 16742, 2
3, 16754, 2
3, 16766, 2
3, 16778, 2
3, 16790, 2
3, 16802, 2
3, 16814, 2
3, 16826, 2
3, 16838, 2
3, 16850, 2
3, 16862, 2
3, 16874, 2
3, 16886, 2
3, 16910, 2
3, 16922, 2
3, 17078, 2
3, 17090, 2
3, 17102, 2
3, 17114, 2
3, 17126, 2
3, 17138, 2
3, 17150, 2
3, 17186, 2
3, 17198, 2
3, 17210, 2
3, 17222, 2
3, 17234, 2
3, 17246, 2
3, 17258, 2
3, 17270, 2
3, 17282, 2
3, 17294, 2
3, 17306, 2
3, 17318, 2
3, 17330, 2
3, 17342, 2
3, 17354, 2
3, 17366, 2
3, 17378, 2
3, 17390, 2
3, 17402, 2
3, 17414, 2
3, 17426, 2
3, 17450, 2
3, 17462, 2
3, 17474, 2
3, 17486, 2
3, 17498, 2
3, 17510, 2
3, 17522, 2
3, 17534, 2
3, 17546, 2
3, 17594, 2
3, 17606, 2
3, 17618, 2
3, 17630, 2
3, 17642, 2
3, 17654, 2
3, 17666, 2
3, 17678, 2
3, 17690, 2
3, 17714, 2
3, 17726, 2
3, 17738, 2
3, 17750, 2
3, 17762, 2
3, 17774, 2
3, 17786, 2
3, 17798, 2
3, 17834, 2
3, 17846, 2
3, 17858, 2
3, 17870, 2
3, 17882, 2
3, 17894, 2
3, 17906, 2
3, 17918, 2
3, 17930, 2
3, 17942, 2
3, 17954, 2
3, 17966, 2
3, 17978, 2
3, 17990, 2
3, 18002, 2
3, 18014, 2
3, 18026, 2
3, 18038, 2
3, 18050, 2
3, 18062, 2
3, 18074, 2
3, 18086, 2
3, 18098, 2
3, 18110, 2
3, 18122, 2
3, 18134, 2
3, 18146, 2
3, 18158, 2
3, 18170, 2
3, 18182, 2
3, 18194, 2
3, 18206, 2
3, 18218, 2
3, 18230, 2
3, 18242, 2
3, 18254, 2
3, 18326, 2
3, 18338, 2
3, 18350, 2
3, 18362, 2
3, 18506, 2
3, 18518, 2
3, 18530, 2
3, 18542, 2
3, 18554, 2
3, 18566, 2
3, 18590, 2
3, 18650, 2
3, 18662, 2
3, 18674, 2
3, 18710, 2
3, 18722, 2
3, 18734, 2
3, 18746, 2
3, 18758, 2
3, 18770, 2
3, 18782, 2
3, 18794, 2
3, 18806, 2
3, 18818, 2
3, 18830, 2
3, 18842, 2
3, 18854, 2
3, 18866, 2
3, 18878, 2
3, 18890, 2
3, 18902, 2
3, 18914, 2
3, 18926, 2
3, 18938, 2
3, 18950, 2
3, 18962, 2
3, 18974, 2
3, 18986, 2
3, 19118, 2
3, 19130, 2
3, 19142, 2
3, 19154, 2
3, 19178, 2
3, 19190, 2
3, 19226, 2
3, 19238, 2
3, 19334, 2
3, 19346, 2
3, 19358, 2
3, 19370, 2
3, 19382, 2
3, 19394, 2
3, 19406, 2
3, 26606, 2
3, 26618, 2
3, 26630, 2
3, 26642, 2
3, 26654, 2
3, 26666, 2
3, 26678, 2
3, 26690, 2
3, 26702, 2
3, 26714, 2
3, 26726, 2
3, 26738, 2
3, 26750, 2
3, 26762, 2
3, 26774, 2
3, 26786, 2
3, 26798, 2
3, 26810, 2
3, 26822, 2
3, 26834, 2
3, 26846, 2
3, 26858, 2
3, 26882, 2
3, 26906, 2
3, 26918, 2
3, 26930, 2
3, 26942, 2
3, 26954, 2
3, 26966, 2
3, 26978, 2
3, 26990, 2
3, 27002, 2
3, 27014, 2
3, 27026, 2
3, 27038, 2
3, 27050, 2
3, 27062, 2
3, 27434, 2
3, 27470, 2
3, 27482, 2
3, 27494, 2
3, 27506, 2
3, 27518, 2
3, 27530, 2
3, 27542, 2
3, 27554, 2
3, 27566, 2
3, 27578, 2
3, 27590, 2
3, 27602, 2
3, 27614, 2
3, 27626, 2
3, 27638, 2
3, 27650, 2
3, 27662, 2
3, 27674, 2
3, 27686, 2
3, 27698, 2
3, 27710, 2
3, 27722, 2
3, 27734, 2
3, 27746, 2
3, 27758, 2
3, 27770, 2
3, 27782, 2
3, 27794, 2
3, 27806, 2
3, 27818, 2
3, 27830, 2
3, 27842, 2
3, 27854, 2
3, 27866, 2
3, 27878, 2
3, 27890, 2
3, 27902, 2
3, 27914, 2
3, 27926, 2
3, 27938, 2
3, 27950, 2
3, 27962, 2
3, 27974, 2
3, 27986, 2
3, 27998, 2
3, 28010, 2
3, 28022, 2
3, 28034, 2
3, 28046, 2
3, 28058, 2
3, 28070, 2
3, 28082, 2
3, 28094, 2
3, 28130, 2
3, 28142, 2
3, 28154, 2
3, 28166, 2
3, 28178, 2
3, 28190, 2
3, 28202, 2
3, 28214, 2
3, 28226, 2
3, 28238, 2
3, 28250, 2
3, 28262, 2
3, 28274, 2
3, 28286, 2
3, 28298, 2
3, 28310, 2
3, 28322, 2
3, 28334, 2
3, 28346, 2
3, 28358, 2
3, 28370, 2
3, 28382, 2
3, 28418, 2
3, 28430, 2
3, 29330, 2
3, 29342, 2
3, 29354, 2
3, 29366, 2
3, 29378, 2
3, 29390, 2
3, 29402, 2
3, 29414, 2
3, 29426, 2
3, 29438, 2
3, 29450, 2
3, 29462, 2
3, 29474, 2
3, 29486, 2
3, 29498, 2
3, 29510, 2
3, 29522, 2
3, 29534, 2
3, 29546, 2
3, 29558, 2
3, 29570, 2
3, 29582, 2
3, 29594, 2
3, 29606, 2
3, 29618, 2
3, 29630, 2
3, 29642, 2
3, 29654, 2
3, 29666, 2
3, 29678, 2
3, 29690, 2
3, 29702, 2
3, 29714, 2
3, 29726, 2
3, 29738, 2
3, 29750, 2
3, 29762, 2
3, 29774, 2
3, 29786, 2
3, 29798, 2
3, 29810, 2
3, 29822, 2
3, 29834, 2
3, 29846, 2
3, 29858, 2
3, 29870, 2
3, 29882, 2
3, 29894, 2
3, 29906, 2
3, 29918, 2
3, 29930, 2
3, 29942, 2
3, 29954, 2
3, 29966, 2
3, 29978, 2
3, 29990, 2
3, 30002, 2
3, 30014, 2
3, 30026, 2
3, 30038, 2
3, 30050, 2
3, 30062, 2
3, 30074, 2
3, 30086, 2
3, 30098, 2
3, 30110, 2
3, 30122, 2
3, 30146, 2
3, 30170, 2
3, 30182, 2
3, 30206, 2
3, 30218, 2
3, 30242, 2
3, 30254, 2
3, 30266, 2
3, 30278, 2
3, 30290, 2
3, 30302, 2
3, 30326, 2
3, 30362, 2
3, 30386, 2
3, 30398, 2
3, 30410, 2
3, 30422, 2
3, 30434, 2
3, 30446, 2
3, 30458, 2
3, 31382, 2
3, 31394, 2
3, 31406, 2
3, 31418, 2
3, 31430, 2
3, 31442, 2
3, 31454, 2
3, 31466, 2
3, 31478, 2
3, 31490, 2
3, 31502, 2
3, 31514, 2
3, 31526, 2
3, 31538, 2
3, 31550, 2
3, 31562, 2
3, 31574, 2
3, 31586, 2
3, 31598, 2
3, 31610, 2
3, 31622, 2
3, 31634, 2
3, 31646, 2
3, 31658, 2
3, 31670, 2
3, 31682, 2
3, 31694, 2
3, 31706, 2
3, 31718, 2
3, 31730, 2
3, 31742, 2
3, 31754, 2
3, 31766, 2
3, 31778, 2
3, 31790, 2
3, 31802, 2
3, 31814, 2
3, 31826, 2
3, 31838, 2
3, 31850, 2
3, 31862, 2
3, 31874, 2
3, 31886, 2
3, 31898, 2
3, 31910, 2
3, 31922, 2
3, 31934, 2
3, 31946, 2
3, 31958, 2
3, 31970, 2
3, 31982, 2
3, 31994, 2
3, 32006, 2
3, 32018, 2
3, 32030, 2
3, 32042, 2
3, 32054, 2
3, 32066, 2
3, 32078, 2
3, 32090, 2
3, 32102, 2
3, 32114, 2
3, 32126, 2
3, 32138, 2
3, 32150, 2
3, 32162, 2
3, 32174, 2
3, 32186, 2
3, 32198, 2
3, 32210, 2
3, 32222, 2
3, 32234, 2
3, 32246, 2
3, 32258, 2
3, 32270, 2
3, 32282, 2
3, 32294, 2
3, 32306, 2
3, 32318, 2
3, 32330, 2
3, 32342, 2
3, 32354, 2
3, 32366, 2
3, 32378, 2
3, 32390, 2
3, 32402, 2
3, 32414, 2
3, 32426, 2
3, 32438, 2
3, 32450, 2
3, 32462, 2
3, 32474, 2
3, 32486, 2
3, 32510, 2
3, 32522, 2
3, 32534, 2
3, 32546, 2
3, 32558, 2
3, 32570, 2
3, 32582, 2
3, 32594, 2
3, 32618, 2
3, 32630, 2
3, 32642, 2
3, 32654, 2
3, 32666, 2
3, 32678, 2
3, 32690, 2
3, 32702, 2
3, 32714, 2
3, 32726, 2
3, 32738, 2
3, 32750, 2
3, 32762, 2
3, 32774, 2
3, 32786, 2
3, 32798, 2
3, 32810, 2
3, 32822, 2
3, 32834, 2
3, 32846, 2
3, 32858, 2
3, 32870, 2
3, 32882, 2
3, 32894, 2
3, 32906, 2
3, 32918, 2
3, 32930, 2
3, 32942, 2
3, 32954, 2
3, 32966, 2
3, 32978, 2
3, 32990, 2
3, 33002, 2
3, 33014, 2
3, 33026, 2
3, 33038, 2
3, 33050, 2
3, 33062, 2
3, 33074, 2
3, 33086, 2
3, 33098, 2
3, 33110, 2
3, 33122, 2
3, 33134, 2
3, 33146, 2
3, 33158, 2
3, 33170, 2
3, 33182, 2
3, 33194, 2
3, 33206, 2
3, 33218, 2
3, 33230, 2
3, 33242, 2
3, 33254, 2
3, 33266, 2
3, 33278, 2
3, 33290, 2
3, 33302, 2
3, 33314, 2
3, 33326, 2
3, 33338, 2
3, 33350, 2
3, 33362, 2
3, 33374, 2
3, 33386, 2
3, 33398, 2
3, 33410, 2
3, 33422, 2
3, 33434, 2
3, 33446, 2
3, 33458, 2
3, 33470, 2
3, 33482, 2
3, 33494, 2
3, 33506, 2
3, 33518, 2
3, 33530, 2
3, 33542, 2
3, 33554, 2
3, 33566, 2
3, 33578, 2
3, 33590, 2
3, 33602, 2
3, 33614, 2
3, 33626, 2
3, 33638, 2
3, 33650, 2
3, 33662, 2
3, 33674, 2
3, 33686, 2
3, 33698, 2
3, 33710, 2
3, 33722, 2
3, 33734, 2
3, 33746, 2
3, 33758, 2
3, 33770, 2
3, 36350, 2
3, 36362, 2
3, 36374, 2
3, 36386, 2
3, 36422, 2
3, 36434, 2
3, 36446, 2
3, 37154, 2
3, 37166, 2
3, 37178, 2
3, 37298, 2
3, 37322, 2
1, 32044, 0
1, 11236, 0
1, 11248, 0
1, 10396, 0
1, 11692, 0
1, 2680, 0
1, 10816, 0
1, 31936, 0
1, 11176, 0
1, 11776, 0
1, 10636, 0
1, 10588, 0
1, 37156, 0
1, 11116, 0
1, 32056, 0
1, 37144, 0
1, 10540, 0
1, 11836, 0
1, 6496, 0
1, 11164, 0
1, 2476, 0
1, 37348, 0
1, 10672, 0
1, 36940, 0
1, 11452, 0
1, 37060, 0
1, 31588, 0
1, 32308, 0
1, 37000, 0
1, 10648, 0
1, 36220, 0
1, 31432, 0
1, 10492, 0
1, 31912, 0
1, 10768, 0
1, 2392, 0
1, 10864, 0
1, 10156, 0
1, 11680, 0
1, 2608, 0
1, 36724, 0
1, 36268, 0
1, 6580, 0
1, 9868, 0
1, 1912, 0
1, 37504, 0
1, 2488, 0
1, 10780, 0
1, 36316, 0
1, 11872, 0
1, 10012, 0
1, 1036, 0
1, 6520, 0
1, 10552, 0
1, 11404, 0
1, 11308, 0
1, 36052, 0
1, 31528, 0
1, 11320, 0
1, 31408, 0
1, 2584, 0
1, 11416, 0
1, 11344, 0
1, 32236, 0
1, 31972, 0
1, 10936, 0
1, 10072, 0
1, 2416, 0
1, 37252, 0
1, 10000, 0
1, 36856, 0
1, 11032, 0
1, 31648, 0
1, 36760, 0
1, 32008, 0
1, 37048, 0
2, 3121, 0
2, 8449, 0
2, 33793, 0
2, 35557, 0
2, 2377, 0
2, 34777, 0
2, 31201, 0
2, 18901, 0
2, 30301, 0
2, 2809, 0
2, 22297, 0
2, 3061, 0
2, 31765, 0
2, 22597, 0
2, 31429, 0
2, 31405, 0
2, 21169, 0
2, 22261, 0
2, 18985, 0
2, 9613, 0
2, 8473, 0
2, 9121, 0
2, 35713, 0
2, 8953, 0
2, 33673, 0
2, 30817, 0
2, 29737, 0
2, 21157, 0
2, 20977, 0
2, 23077, 0
2, 21325, 0
2, 32449, 0
2, 7477, 0
2, 32533, 0
2, 8965, 0
2, 21481, 0
2, 3205, 0
2, 2269, 0
2, 29605, 0
2, 36097, 0
2, 8797, 0
2, 36445, 0
2, 30409, 0
2, 35029, 0
2, 32713, 0
2, 30781, 0
2, 30697, 0
2, 21205, 0
2, 2533, 0
2, 8317, 0
2, 32569, 0
2, 34705, 0
2, 21145, 0
2, 33757, 0
2, 21997, 0
2, 29749, 0
2, 36121, 0
2, 30133, 0
2, 29545, 0
2, 29653, 0
2, 7441, 0
2, 35161, 0
2, 37033, 0
2, 8617, 0
2, 32365, 0
2, 9049, 0
2, 22129, 0
2, 22105, 0
2, 30661, 0
2, 36469, 0
2, 33733, 0
2, 35641, 0
2, 35173, 0
2, 30793, 0
2, 22837, 0
2, 31921, 0
2, 21469, 0
2, 2869, 0
2, 9577, 0
2, 2617, 0
2, 21373, 0
2, 9001, 0
2, 37345, 0
2, 31237, 0
2, 31261, 0
2, 36337, 0
2, 8977, 0
2, 22957, 0
2, 8341, 0
2, 37081, 0
2, 8689, 0
2, 22009, 0
2, 32653, 0
2, 34657, 0
2, 21721, 0
2, 7465, 0
2, 30109, 0
2, 36817, 0
2, 22873, 0
2, 35605, 0
2, 23989, 0
2, 36229, 0
2, 31045, 0
2, 29893, 0
2, 35089, 0
2, 34957, 0
2, 22093, 0
2, 31453, 0
2, 32341, 0
2, 29509, 0
2, 7453, 0
2, 6337, 0
2, 31321, 0
2, 6241, 0
2, 21289, 0
2, 35797, 0
2, 35737, 0
2, 22549, 0
2, 32293, 0
2, 35725, 0
2, 35149, 0
2, 8869, 0
2, 8305, 0
2, 30589, 0
2, 29677, 0
2, 37321, 0
2, 21421, 0
2, 19045, 0
2, 31081, 0
2, 21517, 0
2, 37369, 0
2, 3049, 0
2, 9625, 0
2, 23017, 0
2, 9457, 0
2, 31885, 0
2, 33697, 0
2, 7357, 0
2, 31309, 0
2, 36493, 0
2, 36697, 0
2, 35233, 0
2, 8329, 0
2, 9421, 0
2, 31189, 0
2, 29629, 0
2, 2749, 0
2, 30877, 0
2, 31753, 0
2, 23029, 0
2, 22969, 0
2, 35941, 0
2, 9433, 0
2, 22753, 0
2, 30805, 0
2, 9397, 0
2, 2929, 0
2, 2485, 0
2, 21817, 0
2, 31393, 0
2, 1789, 0
2, 2737, 0
2, 21181, 0
2, 37165, 0
2, 22237, 0
2, 32377, 0
2, 21709, 0
2, 20965, 0
2, 32509, 0
2, 22621, 0
2, 3337, 0
2, 30577, 0
2, 7417, 0
3, 28202, 0
3, 30746, 0
3, 7058, 0
3, 17570, 0
3, 31022, 0
3, 31142, 0
3, 1034, 0
3, 27710, 0
3, 33794, 0
3, 31202, 0
3, 36914, 0
3, 30842, 0
3, 18662, 0
3, 8966, 0
3, 30806, 0
3, 7418, 0
3, 18506, 0
3, 31634, 0
3, 30506, 0
3, 35270, 0
3, 22490, 0
3, 9086, 0
3, 33722, 0
3, 23594, 0
3, 31910, 0
3, 30350, 0
3, 26366, 0
3, 14738, 0
3, 11030, 0
3, 30662, 0
3, 7910, 0
3, 18806, 0
3, 8750, 0
3, 31310, 0
3, 24662, 0
3, 2042, 0
3, 7946, 0
3, 32018, 0
3, 17918, 0
3, 36050, 0
3, 28262, 0
3, 24554, 0
3, 10514, 0
3, 26378, 0
3, 8870, 0
3, 35978, 0
3, 25802, 0
3, 33842, 0
3, 7898, 0
3, 26654, 0
3, 31106, 0
3, 37202, 0
3, 23522, 0
3, 8426, 0
3, 2966, 0
3, 2774, 0
3, 31802, 0
3, 17294, 0
3, 7802, 0
3, 24590, 0
3, 33650, 0
3, 25718, 0
3, 9794, 0
3, 6950, 0
3, 26462, 0
3, 35942, 0
3, 31610, 0
3, 10298, 0
3, 25910, 0
3, 14510, 0
3, 34538, 0
3, 31046, 0
3, 31550, 0
3, 33290, 0
3, 35414, 0
3, 31154, 0
3, 2570, 0
3, 2678, 0
3, 27782, 0
3, 37010, 0
3, 19406, 0
3, 11198, 0
3, 26030, 0
3, 8342, 0
3, 23414, 0
3, 34106, 0
3, 17954, 0
3, 25970, 0
3, 9206, 0
3, 26114, 0
3, 11126, 0
3, 26294, 0
3, 31298, 0
3, 8978, 0
3, 7406, 0
3, 31658, 0
3, 22814, 0
3, 22646, 0
3, 34406, 0
3, 14498, 0
3, 26054, 0
3, 10550, 0
3, 34382, 0
3, 30590, 0
3, 9098, 0
3, 18902, 0
3, 33302, 0
3, 31718, 0
3, 14654, 0
3, 22802, 0
3, 17846, 0
3, 8162, 0
3, 8138, 0
3, 32102, 0
3, 28022, 0
3, 11354, 0
3, 1130, 0
3, 8714, 0
3, 7766, 0
3, 23342, 0
3, 29834, 0
3, 28226, 0
3, 7874, 0
3, 22910, 0
3, 34190, 0
3, 26618, 0
3, 25562, 0
3, 28274, 0
3, 33338, 0
3, 14726, 0
3, 27854, 0
3, 25766, 0
3, 2906, 0
3, 24818, 0
3, 34574, 0
3, 6926, 0
3, 28106, 0
3, 23102, 0
3, 31790, 0
3, 10334, 0
3, 18950, 0
3, 19418, 0
3, 30998, 0
3, 18926, 0
3, 36602, 0
3, 27926, 0
3, 8078, 0
3, 22982, 0
3, 11078, 0
3, 8114, 0
3, 26390, 0
3, 7622, 0
3, 9662, 0
3, 23210, 0
3, 17594, 0
3, 33410, 0
3, 37082, 0
3, 37034, 0
3, 26642, 0
3, 30686, 0
3, 10178, 0
3, 23870, 0
3, 8786, 0
3, 25886, 0
3, 7610, 0
3, 8354, 0
3, 10742, 0
3, 33698, 0
3, 30422, 0
3, 2066, 0
3, 14750, 0
3, 35330, 0
3, 26438, 0
3, 31982, 0
3, 30674, 0
3, 10562, 0
3, 2534, 0
3, 30254, 0
3, 23042, 0
3, 8414, 0
3, 26774, 0
3, 31370, 0
3, 22826, 0
3, 1106, 0
3, 23630, 0
3, 19142, 0
3, 33386, 0
3, 22934, 0
3, 10262, 0
3, 24746, 0
3, 3002, 0
3, 9938, 0
3, 32162, 0
3, 24398, 0
3, 24050, 0
3, 23906, 0
3, 27842, 0
3, 9806, 0
3, 30110, 0
3, 17978, 0
3, 26018, 0
3, 22754, 0
3, 2690, 0
3, 27866, 0
3, 34598, 0
3, 31070, 0
3, 31010, 0
3, 33398, 0
3, 26306, 0
3, 24062, 0
3, 7922, 0
3, 8738, 0
3, 11270, 0
3, 36974, 0
3, 34442, 0
3, 23642, 0
1, 6088, 1
1, 9280, 1
1, 38380, 1
1, 30568, 1
1, 9736, 1
1, 16864, 1
1, 9604, 1
1, 38356, 1
1, 30724, 1
1, 9388, 1
1, 16972, 1
1, 30760, 1
1, 9316, 1
1, 16756, 1
1, 9820, 1
1, 16636, 1
1, 9628, 1
1, 16576, 1
1, 30664, 1
1, 6304, 1
1, 16876, 1
1, 9412, 1
1, 9700, 1
1, 30592, 1
1, 30796, 1
1, 16912, 1
1, 6136, 1
2, 17521, 1
2, 17713, 1
2, 17641, 1
2, 31573, 1
2, 17629, 1
2, 38449, 1
2, 5857, 1
2, 31657, 1
2, 31669, 1
2, 38341, 1
2, 7825, 1
2, 6013, 1
2, 5917, 1
2, 31549, 1
2, 7717, 1
2, 17677, 1
3, 27266, 1
3, 9314, 1
3, 38198, 1
3, 9278, 1
3, 38114, 1
3, 9338, 1
3, 9470, 1
3, 9326, 1
3, 27338, 1
3, 9422, 1
3, 38150, 1
1, 30136, 3
1, 28948, 3
1, 29896, 3
1, 29404, 3
1, 30460, 3
1, 29548, 3
1, 29488, 3
1, 29152, 3
1, 1696, 3
1, 29668, 3
1, 29476, 3
1, 29056, 3
1, 28972, 3
1, 30160, 3
1, 29632, 3
1, 30400, 3
1, 30436, 3
1, 29380, 3
1, 29692, 3
1, 29272, 3
1, 29968, 3
1, 29980, 3
1, 29128, 3
1, 29260, 3
1, 28960, 3
2, 1573, 3
2, 1537, 3
3, 21926, 3
3, 21818, 3
3, 21938, 3
3, 4466, 3
3, 4178, 3
3, 21782, 3
3, 21878, 3
3, 22238, 3
3, 4130, 3
3, 22310, 3
3, 4370, 3
3, 22010, 3
3, 21890, 3
1, 8464, 4
1, 17320, 4
1, 23032, 4
1, 21544, 4
1, 18184, 4
1, 20272, 4
1, 7480, 4
1, 1468, 4
1, 13264, 4
1, 7636, 4
1, 1168, 4
1, 22864, 4
1, 25180, 4
1, 14740, 4
1, 12304, 4
1, 28792, 4
1, 3352, 4
1, 26536, 4
1, 34624, 4
1, 7516, 4
1, 17884, 4
1, 4144, 4
1, 22720, 4
1, 9028, 4
1, 33052, 4
1, 8344, 4
1, 20608, 4
1, 23308, 4
1, 8032, 4
1, 12520, 4
1, 22312, 4
1, 856, 4
1, 5188, 4
1, 24316, 4
1, 27748, 4
1, 33400, 4
1, 35332, 4
1, 26044, 4
1, 16228, 4
1, 35176, 4
1, 22876, 4
1, 23164, 4
1, 20380, 4
1, 5200, 4
1, 23200, 4
1, 23440, 4
1, 8272, 4
1, 8200, 4
1, 12112, 4
1, 24484, 4
1, 22516, 4
1, 16528, 4
1, 6460, 4
1, 2284, 4
1, 31048, 4
1, 18232, 4
1, 17248, 4
1, 17632, 4
1, 33448, 4
1, 24928, 4
1, 6928, 4
1, 11968, 4
1, 17212, 4
1, 34864, 4
1, 1480, 4
1, 13540, 4
1, 24472, 4
1, 5680, 4
1, 15832, 4
1, 26740, 4
1, 7240, 4
1, 35116, 4
1, 33640, 4
1, 4516, 4
1, 35680, 4
1, 4780, 4
1, 26992, 4
1, 12028, 4
1, 24256, 4
1, 24652, 4
1, 12136, 4
1, 21700, 4
1, 19852, 4
1, 664, 4
1, 1540, 4
1, 8056, 4
1, 3424, 4
1, 21832, 4
1, 22216, 4
1, 3340, 4
1, 5476, 4
1, 23392, 4
1, 34336, 4
1, 2848, 4
1, 13792, 4
1, 28912, 4
1, 22168, 4
1, 25684, 4
1, 2896, 4
1, 38140, 4
1, 28900, 4
1, 33016, 4
1, 2140, 4
1, 4864, 4
1, 9196, 4
1, 2056, 4
1, 34828, 4
1, 6724, 4
1, 6448, 4
1, 17356, 4
1, 20500, 4
1, 5860, 4
1, 22528, 4
1, 7372, 4
1, 25144, 4
1, 12820, 4
1, 12628, 4
1, 2176, 4
1, 32416, 4
1, 25480, 4
1, 34432, 4
1, 34132, 4
1, 25792, 4
1, 4936, 4
1, 28672, 4
1, 7660, 4
1, 18028, 4
1, 27448, 4
1, 8524, 4
1, 170, 4
1, 1348, 4
1, 17056, 4
1, 8932, 4
1, 326, 4
1, 23980, 4
1, 24400, 4
1, 26152, 4
1, 5068, 4
1, 24520, 4
1, 1612, 4
1, 3508, 4
1, 17200, 4
1, 8560, 4
1, 34528, 4
1, 14800, 4
1, 11608, 4
1, 832, 4
1, 20716, 4
1, 34648, 4
1, 7612, 4
1, 820, 4
1, 32440, 4
1, 26704, 4
1, 254, 4
1, 22348, 4
1, 8728, 4
1, 28504, 4
1, 33592, 4
1, 34360, 4
1, 4600, 4
1, 8080, 4
1, 5548, 4
1, 26680, 4
1, 1252, 4
1, 7348, 4
1, 28696, 4
1, 34036, 4
1, 18136, 4
1, 28420, 4
1, 1780, 4
1, 26692, 4
1, 4840, 4
1, 32896, 4
1, 9064, 4
1, 1828, 4
1, 21340, 4
1, 7732, 4
1, 17332, 4
1, 14020, 4
1, 34372, 4
1, 21904, 4
1, 9172, 4
1, 22276, 4
1, 2320, 4
1, 28168, 4
1, 23860, 4
1, 34024, 4
1, 21964, 4
1, 20872, 4
1, 33328, 4
1, 23692, 4
1, 23080, 4
1, 3316, 4
1, 21208, 4
1, 5488, 4
1, 3448, 4
1, 35752, 4
1, 5848, 4
1, 19900, 4
1, 7792, 4
1, 27340, 4
1, 38212, 4
1, 5632, 4
1, 3100, 4
1, 652, 4
1, 23716, 4
1, 27184, 4
1, 15136, 4
1, 27208, 4
1, 33904, 4
1, 1492, 4
1, 2128, 4
1, 22108, 4
1, 21856, 4
1, 14164, 4
1, 12544, 4
1, 38620, 4
1, 33964, 4
1, 33244, 4
1, 32704, 4
1, 26464, 4
1, 8140, 4
1, 25300, 4
1, 14752, 4
1, 20596, 4
1, 24832, 4
1, 3496, 4
1, 4612, 4
1, 20056, 4
1, 3976, 4
1, 17380, 4
1, 2800, 4
1, 19780, 4
1, 15928, 4
1, 24388, 4
1, 11572, 4
1, 24364, 4
1, 14056, 4
1, 2272, 4
1, 4744, 4
1, 6748, 4
1, 23260, 4
1, 2008, 4
1, 24352, 4
1, 14068, 4
1, 17860, 4
1, 37912, 4
1, 1804, 4
1, 7360, 4
1, 33712, 4
1, 13168, 4
1, 35584, 4
1, 35068, 4
1, 12640, 4
1, 28240, 4
1, 13720, 4
1, 33892, 4
1, 15364, 4
1, 26080, 4
1, 7384, 4
1, 12868, 4
1, 34612, 4
1, 8884, 4
1, 35488, 4
1, 21052, 4
1, 4564, 4
1, 8740, 4
1, 7072, 4
1, 15460, 4
1, 13420, 4
1, 4204, 4
1, 21580, 4
1, 4684, 4
1, 4852, 4
1, 24220, 4
1, 27172, 4
1, 14944, 4
1, 13900, 4
1, 9076, 4
1, 5668, 4
1, 2776, 4
1, 34816, 4
1, 25132, 4
1, 8380, 4
1, 11548, 4
1, 12988, 4
1, 32488, 4
1, 20656, 4
1, 38500, 4
1, 24892, 4
1, 6856, 4
1, 23704, 4
1, 15856, 4
1, 18148, 4
1, 33784, 4
1, 28024, 4
1, 3892, 4
1, 24724, 4
1, 14152, 4
1, 7648, 4
1, 25828, 4
1, 33136, 4
1, 16480, 4
1, 37408, 4
1, 15508, 4
1, 520, 4
1, 4012, 4
1, 1144, 4
1, 20668, 4
1, 1576, 4
1, 28600, 4
1, 28828, 4
1, 7180, 4
1, 20152, 4
1, 24376, 4
1, 25984, 4
1, 8992, 4
1, 14620, 4
1, 27460, 4
1, 26284, 4
1, 23776, 4
1, 5176, 4
1, 17620, 4
1, 34876, 4
1, 19948, 4
1, 27256, 4
1, 218, 4
1, 3544, 4
1, 15244, 4
1, 28636, 4
1, 1816, 4
1, 17128, 4
1, 26620, 4
1, 24496, 4
1, 32824, 4
1, 18196, 4
1, 13012, 4
1, 33832, 4
1, 33580, 4
1, 38176, 4
1, 532, 4
1, 12904, 4
1, 20332, 4
1, 38644, 4
1, 13528, 4
1, 23908, 4
1, 28228, 4
1, 15112, 4
1, 14404, 4
1, 8128, 4
1, 28552, 4
1, 22948, 4
1, 62, 4
1, 7156, 4
1, 32692, 4
1, 20116, 4
1, 2308, 4
1, 23176, 4
1, 22432, 4
1, 23272, 4
1, 1528, 4
1, 37744, 4
1, 4492, 4
1, 19984, 4
1, 22888, 4
1, 16348, 4
1, 398, 4
1, 35236, 4
1, 33412, 4
1, 3244, 4
1, 21532, 4
1, 25576, 4
1, 544, 4
1, 13624, 4
1, 31312, 4
1, 34420, 4
1, 8068, 4
1, 15148, 4
1, 5320, 4
1, 14200, 4
1, 26, 4
1, 4660, 4
1, 17344, 4
1, 6412, 4
1, 38476, 4
1, 33004, 4
1, 13408, 4
1, 14128, 4
1, 6316, 4
1, 24976, 4
1, 772, 4
1, 18064, 4
1, 15604, 4
1, 28684, 4
1, 13972, 4
1, 17896, 4
1, 34492, 4
1, 14464, 4
1, 26104, 4
1, 23548, 4
1, 34588, 4
1, 4792, 4
1, 27364, 4
1, 1372, 4
1, 27124, 4
1, 32668, 4
1, 31024, 4
1, 7012, 4
1, 21352, 4
1, 26008, 4
1, 33040, 4
1, 6340, 4
1, 25216, 4
1, 21616, 4
1, 20080, 4
1, 37864, 4
2, 25201, 4
2, 26605, 4
2, 32845, 4
2, 29077, 4
2, 28477, 4
2, 4213, 4
2, 2125, 4
2, 34609, 4
2, 23965, 4
2, 2089, 4
2, 16165, 4
2, 4873, 4
2, 8161, 4
2, 24781, 4
2, 17857, 4
2, 34357, 4
2, 33541, 4
2, 24385, 4
2, 25417, 4
2, 26029, 4
2, 4681, 4
2, 16573, 4
2, 1225, 4
2, 17761, 4
2, 17269, 4
2, 37585, 4
2, 11197, 4
2, 18085, 4
2, 23665, 4
2, 16093, 4
2, 2161, 4
2, 33289, 4
2, 27385, 4
2, 18073, 4
2, 15745, 4
2, 25309, 4
2, 26905, 4
2, 38689, 4
2, 28225, 4
2, 7201, 4
2, 25477, 4
2, 18853, 4
2, 7273, 4
2, 16669, 4
2, 3433, 4
2, 23365, 4
2, 15793, 4
2, 38113, 4
2, 25705, 4
2, 34585, 4
2, 13, 4
2, 10681, 4
2, 37969, 4
2, 4069, 4
2, 6553, 4
2, 517, 4
2, 31993, 4
2, 32857, 4
2, 27757, 4
2, 26689, 4
2, 26329, 4
2, 28441, 4
2, 16105, 4
2, 1621, 4
2, 24337, 4
2, 24949, 4
2, 2233, 4
2, 10105, 4
2, 27049, 4
2, 23593, 4
2, 18565, 4
2, 26089, 4
2, 34225, 4
2, 18097, 4
2, 8497, 4
2, 29137, 4
2, 10177, 4
2, 1417, 4
2, 23797, 4
2, 32869, 4
2, 24841, 4
2, 2245, 4
2, 10561, 4
2, 3865, 4
2, 3697, 4
2, 24433, 4
2, 481, 4
2, 12061, 4
2, 10381, 4
2, 5545, 4
2, 9697, 4
2, 4093, 4
2, 18049, 4
2, 26989, 4
2, 24481, 4
2, 27517, 4
2, 38557, 4
2, 19321, 4
2, 14773, 4
2, 27997, 4
2, 10153, 4
2, 10801, 4
2, 8185, 4
2, 6973, 4
2, 29257, 4
2, 37633, 4
2, 25513, 4
2, 24421, 4
2, 4801, 4
2, 6409, 4
2, 11713, 4
2, 1345, 4
2, 28585, 4
2, 11281, 4
2, 8173, 4
2, 23881, 4
2, 28465, 4
2, 4765, 4
2, 23713, 4
2, 26149, 4
2, 4789, 4
2, 27889, 4
2, 15697, 4
2, 18253, 4
2, 27193, 4
2, 5029, 4
2, 1981, 4
2, 337, 4
2, 24445, 4
2, 29497, 4
2, 601, 4
2, 7957, 4
2, 9769, 4
2, 26005, 4
2, 24973, 4
2, 27241, 4
2, 8149, 4
2, 26077, 4
2, 4237, 4
2, 28609, 4
2, 19477, 4
2, 33361, 4
2, 11353, 4
2, 26485, 4
2, 16381, 4
2, 18613, 4
2, 5317, 4
2, 14929, 4
2, 38533, 4
2, 32917, 4
2, 37705, 4
2, 37861, 4
2, 3685, 4
2, 5041, 4
2, 18325, 4
2, 4309, 4
2, 5209, 4
2, 10405, 4
2, 7681, 4
2, 4549, 4
2, 26197, 4
2, 28141, 4
2, 1525, 4
2, 25177, 4
2, 4357, 4
2, 32041, 4
2, 14701, 4
2, 12589, 4
2, 34561, 4
2, 38041, 4
2, 11113, 4
2, 6061, 4
2, 27913, 4
2, 12109, 4
2, 23785, 4
2, 5461, 4
2, 24709, 4
2, 4297, 4
2, 841, 4
2, 23353, 4
2, 31981, 4
2, 27289, 4
2, 18397, 4
2, 28705, 4
2, 637, 4
2, 17053, 4
2, 19489, 4
2, 17437, 4
2, 10789, 4
2, 38617, 4
2, 1117, 4
2, 23425, 4
2, 12025, 4
2, 34105, 4
2, 26521, 4
2, 229, 4
2, 469, 4
2, 29101, 4
2, 29437, 4
2, 10861, 4
2, 38521, 4
2, 14821, 4
2, 26053, 4
2, 10693, 4
2, 28873, 4
2, 673, 4
2, 26569, 4
2, 11137, 4
2, 25057, 4
2, 26377, 4
2, 5233, 4
2, 28645, 4
2, 16117, 4
2, 6493, 4
2, 15709, 4
2, 1021, 4
2, 3505, 4
2, 2197, 4
2, 5809, 4
2, 10333, 4
2, 13705, 4
2, 16393, 4
2, 4825, 4
2, 19393, 4
2, 25921, 4
2, 24877, 4
2, 19513, 4
2, 6925, 4
2, 16369, 4
2, 34273, 4
2, 6913, 4
2, 15061, 4
2, 24793, 4
2, 15637, 4
2, 27277, 4
2, 6793, 4
2, 33157, 4
2, 25537, 4
2, 7129, 4
2, 7945, 4
2, 14941, 4
2, 8041, 4
2, 18361, 4
2, 23197, 4
2, 25021, 4
2, 15685, 4
2, 1141, 4
2, 15997, 4
2, 5737, 4
2, 38641, 4
2, 4057, 4
2, 3421, 4
2, 6937, 4
2, 33577, 4
2, 28393, 4
2, 25213, 4
2, 25957, 4
2, 32029, 4
2, 32257, 4
2, 25897, 4
2, 18013, 4
2, 25873, 4
2, 15625, 4
2, 18469, 4
2, 24817, 4
2, 7969, 4
2, 1333, 4
2, 25489, 4
2, 37957, 4
2, 28081, 4
2, 4453, 4
2, 28849, 4
2, 24109, 4
2, 18457, 4
2, 28417, 4
2, 26533, 4
2, 28177, 4
2, 38701, 4
2, 37873, 4
2, 28993, 4
2, 4261, 4
2, 15805, 4
2, 16057, 4
2, 26509, 4
2, 25033, 4
2, 27601, 4
2, 4957, 4
2, 12613, 4
2, 25525, 4
2, 4861, 4
2, 33301, 4
2, 25105, 4
2, 25801, 4
2, 23917, 4
2, 23929, 4
2, 26281, 4
2, 32113, 4
2, 5137, 4
2, 1321, 4
2, 16273, 4
2, 16261, 4
2, 26221, 4
3, 16274, 4
3, 19466, 4
3, 4706, 4
3, 37538, 4
3, 19538, 4
3, 4970, 4
3, 12782, 4
3, 22442, 4
3, 2366, 4
3, 2246, 4
3, 12530, 4
3, 3566, 4
3, 25478, 4
3, 3686, 4
3, 938, 4
3, 350, 4
3, 18374, 4
3, 8450, 4
3, 34286, 4
3, 15014, 4
3, 5714, 4
3, 1910, 4
3, 16298, 4
3, 13070, 4
3, 3854, 4
3, 36686, 4
3, 20378, 4
3, 36482, 4
3, 16310, 4
3, 15434, 4
3, 24938, 4
3, 21302, 4
3, 36302, 4
3, 12866, 4
3, 1382, 4
3, 12446, 4
3, 2258, 4
3, 31250, 4
3, 19562, 4
3, 6014, 4
3, 38054, 4
3, 36290, 4
3, 5750, 4
3, 25106, 4
3, 5294, 4
3, 34850, 4
3, 8210, 4
3, 36518, 4
3, 35174, 4
3, 29198, 4
3, 12734, 4
3, 15050, 4
3, 5954, 4
3, 15422, 4
3, 20714, 4
3, 16142, 4
3, 6470, 4
3, 20918, 4
3, 3746, 4
3, 37682, 4
3, 8822, 4
3, 13622, 4
3, 15806, 4
3, 37886, 4
3, 13718, 4
3, 6086, 4
3, 8642, 4
3, 19646, 4
3, 35714, 4
3, 2390, 4
3, 28670, 4
3, 530, 4
3, 7790, 4
3, 242, 4
3, 28574, 4
3, 50, 4
3, 35162, 4
3, 19922, 4
3, 1502, 4
3, 21230, 4
3, 29282, 4
3, 20702, 4
3, 7262, 4
3, 3866, 4
3, 19034, 4
3, 13334, 4
3, 8558, 4
3, 12038, 4
3, 4382, 4
3, 2198, 4
3, 14318, 4
3, 15986, 4
3, 3074, 4
3, 5078, 4
3, 12098, 4
3, 13658, 4
3, 6602, 4
3, 21182, 4
3, 4778, 4
3, 14390, 4
3, 32606, 4
3, 36530, 4
3, 3302, 4
3, 29090, 4
3, 3098, 4
3, 914, 4
3, 266, 4
3, 6170, 4
3, 13586, 4
3, 806, 4
3, 20630, 4
3, 20114, 4
3, 19994, 4
3, 25238, 4
3, 62, 4
3, 34814, 4
3, 29150, 4
3, 36182, 4
3, 5354, 4
3, 7298, 4
3, 8486, 4
3, 20642, 4
3, 29138, 4
3, 16454, 4
3, 28394, 4
3, 19322, 4
3, 36134, 4
3, 12902, 4
3, 2306, 4
3, 13826, 4
3, 1934, 4
3, 24278, 4
3, 6110, 4
3, 6278, 4
3, 12194, 4
3, 35726, 4
3, 19982, 4
3, 20318, 4
3, 14774, 4
3, 16010, 4
3, 36794, 4
3, 674, 4
3, 11414, 4
3, 12338, 4
3, 6242, 4
3, 19886, 4
3, 36410, 4
3, 36194, 4
3, 38342, 4
3, 8618, 4
3, 13046, 4
3, 25370, 4
3, 21578, 4
3, 14978, 4
3, 5918, 4
3, 4682, 4
3, 37910, 4
3, 5342, 4
3, 38474, 4
3, 8270, 4
3, 3830, 4
3, 15170, 4
3, 20426, 4
3, 6374, 4
3, 278, 4
3, 21326, 4
3, 15290, 4
3, 13538, 4
3, 18602, 4
3, 1622, 4
3, 13574, 4
3, 16250, 4
3, 20774, 4
3, 20810, 4
3, 11738, 4
3, 15734, 4
3, 35834, 4
3, 14006, 4
3, 37694, 4
3, 28706, 4
3, 6338, 4
3, 16022, 4
3, 34862, 4
3, 15398, 4
3, 13490, 4
3, 12554, 4
3, 19838, 4
3, 24266, 4
3, 14378, 4
3, 11594, 4
3, 1214, 4
3, 36674, 4
3, 1490, 4
3, 38066, 4
3, 35594, 4
3, 1322, 4
3, 28634, 4
3, 20786, 4
3, 6182, 4
3, 926, 4
3, 14798, 4
3, 13262, 4
3, 16430, 4
3, 4322, 4
3, 8582, 4
3, 9602, 4
3, 29210, 4
3, 3758, 4
3, 4058, 4
3, 3902, 4
3, 35042, 4
3, 12722, 4
3, 15314, 4
3, 1166, 4
3, 27458, 4
3, 16934, 4
3, 13370, 4
3, 28994, 4
3, 19958, 4
3, 3230, 4
3, 6722, 4
3, 2126, 4
3, 35786, 4
3, 8186, 4
3, 15554, 4
3, 16418, 4
3, 11642, 4
3, 8666, 4
3, 11558, 4
3, 5102, 4
3, 18458, 4
3, 20606, 4
3, 36770, 4
3, 36086, 4
3, 35642, 4
3, 12182, 4
3, 35498, 4
3, 20294, 4
3, 13790, 4
3, 29294, 4
3, 28490, 4
3, 28874, 4
3, 19502, 4
3, 5642, 4
3, 11762, 4
3, 16406, 4
3, 20210, 4
3, 19790, 4
3, 14930, 4
3, 21422, 4
3, 12110, 4
3, 1670, 4
3, 37934, 4
3, 13694, 4
3, 3698, 4
3, 14294, 4
3, 37946, 4
3, 410, 4
3, 6554, 4
3, 6506, 4
3, 1226, 4
3, 13274, 4
3, 15614, 4
3, 8546, 4
3, 14414, 4
3, 5870, 4
3, 170, 4
3, 20762, 4
3, 38042, 4
3, 11966, 4
3, 36314, 4
3, 1178, 4
3, 15230, 4
3, 3710, 4
3, 15038, 4
3, 9566, 4
3, 36146, 4
3, 15326, 4
