1, 4
14, 4
26, 4
38, 4
50, 4
62, 4
74, 4
86, 4
98, 4
110, 4
122, 4
134, 4
146, 4
158, 4
170, 4
182, 4
194, 4
206, 4
218, 4
230, 4
242, 4
254, 4
266, 4
278, 4
290, 4
302, 4
314, 4
326, 4
338, 4
350, 4
362, 4
374, 4
386, 4
398, 4
410, 4
422, 4
434, 4
446, 4
458, 4
470, 4
482, 4
494, 4
506, 4
518, 4
530, 4
542, 4
554, 4
566, 4
578, 4
590, 4
602, 4
614, 4
626, 4
638, 4
650, 4
662, 4
674, 4
686, 4
698, 4
710, 4
722, 4
734, 4
746, 4
758, 4
770, 4
782, 4
794, 4
806, 4
818, 4
830, 4
842, 4
854, 4
866, 4
878, 4
890, 4
902, 4
914, 4
926, 4
938, 4
950, 4
962, 4
974, 4
986, 0
998, 0
1010, 0
1022, 0
1034, 0
1046, 0
1058, 0
1070, 0
1082, 0
1094, 0
1106, 0
1118, 0
1130, 0
1142, 4
1154, 4
1166, 4
1178, 4
1190, 4
1202, 4
1214, 4
1226, 4
1238, 4
1250, 4
1262, 4
1274, 4
1286, 4
1298, 4
1310, 4
1322, 4
1334, 4
1346, 4
1358, 4
1370, 4
1382, 4
1394, 4
1406, 4
1418, 4
1430, 4
1442, 4
1454, 4
1466, 4
1478, 4
1490, 4
1502, 4
1514, 4
1526, 4
1538, 4
1550, 4
1562, 4
1574, 4
1586, 4
1598, 4
1610, 4
1622, 4
1634, 4
1646, 4
1658, 4
1670, 4
1682, 3
1694, 4
1706, 3
1718, 3
1730, 4
1742, 3
1754, 4
1766, 4
1778, 4
1790, 4
1802, 4
1814, 4
1826, 4
1838, 4
1850, 4
1862, 4
1874, 4
1886, 4
1898, 4
1910, 4
1922, 4
1934, 4
1946, 4
1958, 4
1970, 4
1982, 4
1994, 4
2006, 0
2018, 0
2030, 0
2042, 0
2054, 0
2066, 0
2078, 0, 2
2090, 0, 2
2102, 4
2114, 4
2126, 4
2138, 4
2150, 4
2162, 4
2174, 4
2186, 4
2198, 4
2210, 4
2222, 4
2234, 4
2246, 4
2258, 4
2270, 4
2282, 4
2294, 4
2306, 4
2318, 4
2330, 4
2342, 4
2354, 4
2366, 4
2378, 4
2390, 4
2402, 4
2414, 4
2426, 4
2438, 4
2450, 4
2462, 0
2474, 0
2486, 0
2498, 0
2510, 4
2522, 0
2534, 0
2546, 0
2558, 0
2570, 0
2582, 0
2594, 0
2606, 0
2618, 0
2630, 0
2642, 0
2654, 0
2666, 0
2678, 0
2690, 0
2702, 0
2714, 0
2726, 0
2738, 0
2750, 0
2762, 0
2774, 0
2786, 0
2798, 0
2810, 0
2822, 4
2834, 0
2846, 0
2858, 0
2870, 0
2882, 0
2894, 0
2906, 0
2918, 0
2930, 0
2942, 0
2954, 0
2966, 0
2978, 0
2990, 0
3002, 0
3014, 0
3026, 0
3038, 0
3050, 0
3062, 0
3074, 4
3086, 4
3098, 4
3110, 4
3122, 4
3134, 4
3146, 4
3158, 4
3170, 4
3182, 4
3194, 4
3206, 4
3218, 4
3230, 4
3242, 4
3254, 4
3266, 4
3278, 4
3290, 4
3302, 4
3314, 4
3326, 4
3338, 4
3350, 4
3362, 4
3374, 4
3386, 4
3398, 4
3410, 4
3422, 4
3434, 4
3446, 4
3458, 4
3470, 4
3482, 4
3494, 4
3506, 4
3518, 4
3530, 4
3542, 4
3554, 4
3566, 4
3578, 4
3590, 4
3602, 4
3614, 4
3626, 4
3638, 4
3650, 4
3662, 4
3674, 4
3686, 4
3698, 4
3710, 4
3722, 4
3734, 4
3746, 4
3758, 4
3770, 4
3782, 4
3794, 4
3806, 4
3818, 4
3830, 4
3842, 4
3854, 4
3866, 4
3878, 4
3890, 4
3902, 4
3914, 4
3926, 4
3938, 4
3950, 4
3962, 4
3974, 4
3986, 4
3998, 4
4010, 4
4022, 4
4034, 4
4046, 4
4058, 4
4070, 4
4082, 4
4094, 4
4106, 4
4118, 4
4130, 3
4142, 3
4154, 3
4166, 3
4178, 3
4190, 3
4202, 3
4214, 3
4226, 4
4238, 4
4250, 4
4262, 4
4274, 4
4286, 4
4298, 4
4310, 4
4322, 4
4334, 4
4346, 4
4358, 4
4370, 3
4382, 4
4394, 4
4406, 3
4418, 3
4430, 3
4442, 3
4454, 3
4466, 3
4478, 3
4490, 3
4502, 4
4514, 4
4526, 4
4538, 2
4550, 2
4562, 2
4574, 2
4586, 2
4598, 2
4610, 2
4622, 2
4634, 2
4646, 2
4658, 2
4670, 4
4682, 4
4694, 4
4706, 4
4718, 4
4730, 4
4742, 4
4754, 4
4766, 4
4778, 4
4790, 4
4802, 4
4814, 4
4826, 4
4838, 4
4850, 4
4862, 4
4874, 4
4886, 4
4898, 4
4910, 4
4922, 4
4934, 4
4946, 4
4958, 4
4970, 4
4982, 4
4994, 4
5006, 4
5018, 4
5030, 4
5042, 4
5054, 4
5066, 4
5078, 4
5090, 4
5102, 4
5114, 4
5126, 4
5138, 4
5150, 4
5162, 4
5174, 4
5186, 4
5198, 4
5210, 4
5222, 4
5234, 4
5246, 4
5258, 4
5270, 4
5282, 4
5294, 4
5306, 4
5318, 4
5330, 4
5342, 4
5354, 4
5366, 4
5378, 4
5390, 4
5402, 4
5414, 4
5426, 4
5438, 4
5450, 4
5462, 4
5474, 4
5486, 4
5498, 4
5510, 4
5522, 4
5534, 4
5546, 4
5558, 4
5570, 4
5582, 4
5594, 4
5606, 4
5618, 4
5630, 4
5642, 4
5654, 4
5666, 4
5678, 4
5690, 4
5702, 4
5714, 4
5726, 4
5738, 4
5750, 4
5762, 4
5774, 4
5786, 4
5798, 4
5810, 4
5822, 4
5834, 4
5846, 4
5858, 4
5870, 4
5882, 4
5894, 4
5906, 4
5918, 4
5930, 4
5942, 4
5954, 4
5966, 4
5978, 4
5990, 4
6002, 4
6014, 4
6026, 4
6038, 4
6050, 4
6062, 4
6074, 4
6086, 4
6098, 4
6110, 4
6122, 4
6134, 4
6146, 4
6158, 4
6170, 4
6182, 4
6194, 4
6206, 4
6218, 4
6230, 4
6242, 4
6254, 4
6266, 4
6278, 4
6290, 4
6302, 4
6314, 4
6326, 4
6338, 4
6350, 4
6362, 4
6374, 4
6386, 4
6398, 4
6410, 4
6422, 4
6434, 4
6446, 4
6458, 4
6470, 4
6482, 4
6494, 4
6506, 4
6518, 4
6530, 4
6542, 4
6554, 4
6566, 4
6578, 4
6590, 4
6602, 4
6614, 4
6626, 4
6638, 4
6650, 4
6662, 4
6674, 4
6686, 4
6698, 4
6710, 4
6722, 4
6734, 4
6746, 4
6758, 0
6770, 0
6782, 0
6794, 0
6806, 0
6818, 0
6830, 0
6842, 0
6854, 0
6866, 0
6878, 0
6890, 0
6902, 0
6914, 0
6926, 0
6938, 0
6950, 0
6962, 0
6974, 0
6986, 0
6998, 0
7010, 0
7022, 0
7034, 0
7046, 0
7058, 0
7070, 0
7082, 0
7094, 0
7106, 0
7118, 0
7130, 0
7142, 0
7154, 0
7166, 0
7178, 0
7190, 0
7202, 0
7214, 0
7226, 0
7238, 4
7250, 4
7262, 4
7274, 4
7286, 4
7298, 4
7310, 4
7322, 4
7334, 0
7346, 0
7358, 4
7370, 4
7382, 0
7394, 0
7406, 0
7418, 0
7430, 4
7442, 0
7454, 0
7466, 0
7478, 0
7490, 0
7502, 0
7514, 0
7526, 0
7538, 0
7550, 0
7562, 0
7574, 0
7586, 0
7598, 0
7610, 0
7622, 0
7634, 0
7646, 0
7658, 0
7670, 0
7682, 0
7694, 0
7706, 0
7718, 0
7730, 0
7742, 0
7754, 0
7766, 0
7778, 0
7790, 4
7802, 0
7814, 0
7826, 0
7838, 0
7850, 0
7862, 0
7874, 0
7886, 0
7898, 0
7910, 0
7922, 0
7934, 0
7946, 0
7958, 4
7970, 0
7982, 0
7994, 0
8006, 0
8018, 0
8030, 4
8042, 4
8054, 4
8066, 4
8078, 0
8090, 0
8102, 0
8114, 0
8126, 0
8138, 0
8150, 0
8162, 0
8174, 0
8186, 4
8198, 4
8210, 4
8222, 4
8234, 4
8246, 4
8258, 4
8270, 4
8282, 4
8294, 4
8306, 4
8318, 4
8330, 0
8342, 0
8354, 0
8366, 0
8378, 0
8390, 0
8402, 0
8414, 0
8426, 0
8438, 4
8450, 4
8462, 4
8474, 4
8486, 4
8498, 4
8510, 4
8522, 4
8534, 4
8546, 4
8558, 4
8570, 4
8582, 4
8594, 4
8606, 4
8618, 4
8630, 4
8642, 4
8654, 4
8666, 4
8678, 4
8690, 4
8702, 0
8714, 0
8726, 0
8738, 0
8750, 0
8762, 4
8774, 0
8786, 0
8798, 0
8810, 0
8822, 4
8834, 4
8846, 4
8858, 4
8870, 0
8882, 0
8894, 0
8906, 0
8918, 0
8930, 0
8942, 0
8954, 0
8966, 0
8978, 0
8990, 0
9002, 0
9014, 0
9026, 0
9038, 0
9050, 0
9062, 0
9074, 0
9086, 0
9098, 0
9110, 0
9122, 0
9134, 0
9146, 0
9158, 0
9170, 0
9182, 0
9194, 0
9206, 0
9218, 0
9230, 0
9242, 0
9254, 0
9266, 1
9278, 1
9290, 1
9302, 1
9314, 1
9326, 1
9338, 1
9350, 1
9362, 1
9374, 1
9386, 1
9398, 1
9410, 1
9422, 1
9434, 1
9446, 1
9458, 1
9470, 1
9482, 4
9494, 4
9506, 4
9518, 4
9530, 4
9542, 4
9554, 4
9566, 4
9578, 4
9590, 4
9602, 4
9614, 4
9626, 4
9638, 4
9650, 0
9662, 0
9674, 0
9686, 0
9698, 0
9710, 0
9722, 0
9734, 0
9746, 0
9758, 0
9770, 0
9782, 0
9794, 0
9806, 0
9818, 0
9830, 0
9842, 0
9854, 0
9866, 0
9878, 0
9890, 0
9902, 0
9914, 0
9926, 0
9938, 0
9950, 0
9962, 0, 2
9974, 0
9986, 0, 2
9998, 0, 2
10010, 0, 2
10022, 0, 2
10034, 0, 2
10046, 0, 2
10058, 0, 2
10070, 0, 2
10082, 0, 2
10094, 0, 2
10106, 0, 2
10118, 0, 2
10130, 0, 2
10142, 0, 2
10154, 0, 2
10166, 0, 2
10178, 0, 2
10190, 0, 2
10202, 0, 2
10214, 0, 2
10226, 0, 2
10238, 0, 2
10250, 0, 2
10262, 0, 2
10274, 0, 2
10286, 0, 2
10298, 0, 2
10310, 0, 2
10322, 0, 2
10334, 0, 2
10346, 0, 2
10358, 0, 2
10370, 0, 2
10382, 0, 2
10394, 0, 2
10406, 0, 2
10418, 0, 2
10430, 0, 2
10442, 0, 2
10454, 0, 2
10466, 0, 2
10478, 0, 2
10490, 0, 2
10502, 0, 2
10514, 0, 2
10526, 0, 2
10538, 0, 2
10550, 0, 2
10562, 0, 2
10574, 0, 2
10586, 0, 2
10598, 0, 2
10610, 0, 2
10622, 0, 2
10634, 0, 2
10646, 0, 2
10658, 0, 2
10670, 0, 2
10682, 0, 2
10694, 0, 2
10706, 0, 2
10718, 0, 2
10730, 0, 2
10742, 0, 2
10754, 0, 2
10766, 0, 2
10778, 0, 2
10790, 0, 2
10802, 0, 2
10814, 0, 2
10826, 0, 2
10838, 0, 2
10850, 0, 2
10862, 0, 2
10874, 0, 2
10886, 0, 2
10898, 0, 2
10910, 0, 2
10922, 0, 2
10934, 0, 2
10946, 0, 2
10958, 0, 2
10970, 0, 2
10982, 0, 2
10994, 0, 2
11006, 0, 2
11018, 0, 2
11030, 0, 2
11042, 0, 2
11054, 0, 2
11066, 0, 2
11078, 0, 2
11090, 0, 2
11102, 0, 2
11114, 0, 2
11126, 0, 2
11138, 0, 2
11150, 0, 2
11162, 0, 2
11174, 0, 2
11186, 0, 2
11198, 0, 2
11210, 0, 2
11222, 0, 2
11234, 0, 2
11246, 0, 2
11258, 0, 2
11270, 0, 2
11282, 0, 2
11294, 0, 2
11306, 0, 2
11318, 0, 2
11330, 0, 2
11342, 0, 2
11354, 0, 2
11366, 0
11378, 4
11390, 4
11402, 4
11414, 4
11426, 0
11438, 0, 2
11450, 0, 2
11462, 0, 2
11474, 0, 2
11486, 4
11498, 4
11510, 4
11522, 4
11534, 4
11546, 4
11558, 4
11570, 4
11582, 4
11594, 4
11606, 4
11618, 4
11630, 4
11642, 4
11654, 4
11666, 4
11678, 4
11690, 4
11702, 4
11714, 4
11726, 4
11738, 4
11750, 4
11762, 4
11774, 4
11786, 4
11798, 4
11810, 4
11822, 4
11834, 4
11846, 4
11858, 4
11870, 4
11882, 4
11894, 4
11906, 4
11918, 4
11930, 4
11942, 4
11954, 4
11966, 4
11978, 4
11990, 4
12002, 4
12014, 4
12026, 4
12038, 4
12050, 4
12062, 4
12074, 4
12086, 4
12098, 4
12110, 4
12122, 4
12134, 4
12146, 4
12158, 4
12170, 4
12182, 4
12194, 4
12206, 4
12218, 4
12230, 4
12242, 4
12254, 4
12266, 4
12278, 4
12290, 4
12302, 4
12314, 4
12326, 4
12338, 4
12350, 4
12362, 4
12374, 4
12386, 4
12398, 4
12410, 4
12422, 4
12434, 4
12446, 4
12458, 4
12470, 4
12482, 4
12494, 4
12506, 4
12518, 4
12530, 4
12542, 4
12554, 4
12566, 4
12578, 4
12590, 4
12602, 4
12614, 4
12626, 4
12638, 4
12650, 4
12662, 4
12674, 4
12686, 4
12698, 4
12710, 4
12722, 4
12734, 4
12746, 4
12758, 4
12770, 4
12782, 4
12794, 4
12806, 4
12818, 4
12830, 4
12842, 4
12854, 4
12866, 4
12878, 4
12890, 4
12902, 4
12914, 4
12926, 4
12938, 4
12950, 4
12962, 4
12974, 4
12986, 4
12998, 4
13010, 4
13022, 4
13034, 4
13046, 4
13058, 4
13070, 4
13082, 4
13094, 4
13106, 4
13118, 4
13130, 4
13142, 4
13154, 4
13166, 4
13178, 4
13190, 4
13202, 4
13214, 4
13226, 4
13238, 4
13250, 4
13262, 4
13274, 4
13286, 4
13298, 4
13310, 4
13322, 4
13334, 4
13346, 4
13358, 4
13370, 4
13382, 4
13394, 4
13406, 4
13418, 4
13430, 4
13442, 4
13454, 4
13466, 4
13478, 4
13490, 4
13502, 4
13514, 4
13526, 4
13538, 4
13550, 4
13562, 4
13574, 4
13586, 4
13598, 4
13610, 4
13622, 4
13634, 4
13646, 4
13658, 4
13670, 4
13682, 4
13694, 4
13706, 4
13718, 4
13730, 4
13742, 4
13754, 4
13766, 4
13778, 4
13790, 4
13802, 4
13814, 4
13826, 4
13838, 4
13850, 4
13862, 4
13874, 4
13886, 4
13898, 4
13910, 4
13922, 4
13934, 4
13946, 4
13958, 4
13970, 4
13982, 4
13994, 4
14006, 4
14018, 4
14030, 4
14042, 4
14054, 4
14066, 4
14078, 4
14090, 4
14102, 4
14114, 4
14126, 4
14138, 4
14150, 4
14162, 4
14174, 4
14186, 4
14198, 4
14210, 4
14222, 4
14234, 4
14246, 4
14258, 4
14270, 4
14282, 4
14294, 4
14306, 4
14318, 4
14330, 4
14342, 4
14354, 4
14366, 4
14378, 4
14390, 4
14402, 4
14414, 4
14426, 4
14438, 4
14450, 4
14462, 4
14474, 0
14486, 0
14498, 0
14510, 0
14522, 0
14534, 0
14546, 0
14558, 0
14570, 0
14582, 0
14594, 0
14606, 0
14618, 0
14630, 0
14642, 0
14654, 0
14666, 0
14678, 0
14690, 0
14702, 0
14714, 0
14726, 0
14738, 0
14750, 0
14762, 0
14774, 4
14786, 4
14798, 4
14810, 4
14822, 4
14834, 4
14846, 4
14858, 4
14870, 4
14882, 4
14894, 4
14906, 4
14918, 4
14930, 4
14942, 4
14954, 4
14966, 4
14978, 4
14990, 4
15002, 4
15014, 4
15026, 4
15038, 4
15050, 4
15062, 4
15074, 4
15086, 4
15098, 4
15110, 4
15122, 4
15134, 4
15146, 4
15158, 4
15170, 4
15182, 4
15194, 4
15206, 4
15218, 4
15230, 4
15242, 4
15254, 4
15266, 4
15278, 4
15290, 4
15302, 4
15314, 4
15326, 4
15338, 4
15350, 4
15362, 4
15374, 4
15386, 4
15398, 4
15410, 4
15422, 4
15434, 4
15446, 4
15458, 4
15470, 4
15482, 4
15494, 4
15506, 4
15518, 4
15530, 4
15542, 4
15554, 4
15566, 4
15578, 4
15590, 4
15602, 4
15614, 4
15626, 4
15638, 4
15650, 4
15662, 4
15674, 4
15686, 4
15698, 4
15710, 4
15722, 4
15734, 4
15746, 4
15758, 4
15770, 4
15782, 4
15794, 4
15806, 4
15818, 4
15830, 4
15842, 4
15854, 4
15866, 4
15878, 4
15890, 4
15902, 4
15914, 4
15926, 4
15938, 4
15950, 4
15962, 4
15974, 4
15986, 4
15998, 4
16010, 4
16022, 4
16034, 4
16046, 4
16058, 4
16070, 4
16082, 4
16094, 4
16106, 4
16118, 4
16130, 4
16142, 4
16154, 4
16166, 4
16178, 4
16190, 4
16202, 4
16214, 4
16226, 4
16238, 4
16250, 4
16262, 4
16274, 4
16286, 4
16298, 4
16310, 4
16322, 4
16334, 4
16346, 4
16358, 4
16370, 4
16382, 4
16394, 4
16406, 4
16418, 4
16430, 4
16442, 4
16454, 4
16466, 4
16478, 4
16490, 4
16502, 4
16514, 4
16526, 4
16538, 2
16550, 2
16562, 2
16574, 2
16586, 2
16598, 2
16610, 2
16622, 2
16634, 2
16646, 2
16658, 2
16670, 2
16682, 2
16694, 2
16706, 2
16718, 2
16730, 2
16742, 2
16754, 2
16766, 2
16778, 2
16790, 2
16802, 2
16814, 2
16826, 2
16838, 2
16850, 2
16862, 2
16874, 2
16886, 0, 2
16898, 0
16910, 0, 2
16922, 0, 2
16934, 4
16946, 4
16958, 4
16970, 4
16982, 4
16994, 4
17006, 4
17018, 4
17030, 4
17042, 4
17054, 4
17066, 4
17078, 2
17090, 2
17102, 2
17114, 2
17126, 2
17138, 2
17150, 2
17162, 0
17174, 0
17186, 0, 2
17198, 2
17210, 2
17222, 2
17234, 2
17246, 0, 2
17258, 0, 2
17270, 0, 2
17282, 0, 2
17294, 0, 2
17306, 0, 2
17318, 0, 2
17330, 0, 2
17342, 0, 2
17354, 0, 2
17366, 0, 2
17378, 0, 2
17390, 0, 2
17402, 0, 2
17414, 0, 2
17426, 0, 2
17438, 0
17450, 0, 2
17462, 0, 2
17474, 0, 2
17486, 0, 2
17498, 0, 2
17510, 0, 2
17522, 2
17534, 2
17546, 0, 2
17558, 0
17570, 0
17582, 0
17594, 0, 2
17606, 0, 2
17618, 0, 2
17630, 0, 2
17642, 0, 2
17654, 0, 2
17666, 0, 2
17678, 2
17690, 2
17702, 4
17714, 2
17726, 2
17738, 2
17750, 2
17762, 0, 2
17774, 0, 2
17786, 0, 2
17798, 0, 2
17810, 0
17822, 0
17834, 0, 2
17846, 0, 2
17858, 0, 2
17870, 0, 2
17882, 0, 2
17894, 0, 2
17906, 0, 2
17918, 0, 2
17930, 0, 2
17942, 0, 2
17954, 0, 2
17966, 0, 2
17978, 0, 2
17990, 0, 2
18002, 0, 2
18014, 0, 2
18026, 0, 2
18038, 0, 2
18050, 0, 2
18062, 0, 2
18074, 0, 2
18086, 0, 2
18098, 0, 2
18110, 0, 2
18122, 0, 2
18134, 0, 2
18146, 0, 2
18158, 0, 2
18170, 0, 2
18182, 0, 2
18194, 0, 2
18206, 0, 2
18218, 0, 2
18230, 0, 2
18242, 0, 2
18254, 0, 2
18266, 4
18278, 4
18290, 4
18302, 4
18314, 4
18326, 2
18338, 2
18350, 2
18362, 2
18374, 4
18386, 4
18398, 4
18410, 4
18422, 4
18434, 4
18446, 4
18458, 4
18470, 4
18482, 4
18494, 4
18506, 0, 2
18518, 0, 2
18530, 0, 2
18542, 0, 2
18554, 0, 2
18566, 0, 2
18578, 0
18590, 0, 2
18602, 4
18614, 4
18626, 4
18638, 4
18650, 0, 2
18662, 0, 2
18674, 0, 2
18686, 4
18698, 4
18710, 2
18722, 2
18734, 2
18746, 2
18758, 2
18770, 2
18782, 0, 2
18794, 0, 2
18806, 0, 2
18818, 0, 2
18830, 0, 2
18842, 0, 2
18854, 0, 2
18866, 0, 2
18878, 0, 2
18890, 0, 2
18902, 0, 2
18914, 0, 2
18926, 0, 2
18938, 0, 2
18950, 0, 2
18962, 0, 2
18974, 0, 2
18986, 0, 2
18998, 4
19010, 4
19022, 4
19034, 4
19046, 4
19058, 4
19070, 4
19082, 4
19094, 4
19106, 4
19118, 0, 2
19130, 0, 2
19142, 0, 2
19154, 2
19166, 4
19178, 0, 2
19190, 0, 2
19202, 4
19214, 4
19226, 0, 2
19238, 0, 2
19250, 4
19262, 0
19274, 0
19286, 4
19298, 4
19310, 4
19322, 4
19334, 0, 2
19346, 0, 2
19358, 0, 2
19370, 0, 2
19382, 0, 2
19394, 0, 2
19406, 0, 2
19418, 0
19430, 4
19442, 4
19454, 4
19466, 4
19478, 4
19490, 4
19502, 4
19514, 4
19526, 4
19538, 4
19550, 4
19562, 4
19574, 4
19586, 4
19598, 4
19610, 4
19622, 4
19634, 4
19646, 4
19658, 4
19670, 4
19682, 4
19694, 4
19706, 4
19718, 4
19730, 4
19742, 4
19754, 4
19766, 4
19778, 4
19790, 4
19802, 4
19814, 4
19826, 4
19838, 4
19850, 4
19862, 4
19874, 4
19886, 4
19898, 4
19910, 4
19922, 4
19934, 4
19946, 4
19958, 4
19970, 4
19982, 4
19994, 4
20006, 4
20018, 4
20030, 4
20042, 4
20054, 4
20066, 4
20078, 4
20090, 4
20102, 4
20114, 4
20126, 4
20138, 4
20150, 4
20162, 4
20174, 4
20186, 4
20198, 4
20210, 4
20222, 4
20234, 4
20246, 4
20258, 4
20270, 4
20282, 4
20294, 4
20306, 4
20318, 4
20330, 4
20342, 4
20354, 4
20366, 4
20378, 4
20390, 4
20402, 4
20414, 4
20426, 4
20438, 4
20450, 4
20462, 4
20474, 4
20486, 4
20498, 4
20510, 4
20522, 4
20534, 4
20546, 4
20558, 4
20570, 4
20582, 4
20594, 4
20606, 4
20618, 4
20630, 4
20642, 4
20654, 4
20666, 4
20678, 4
20690, 4
20702, 4
20714, 4
20726, 4
20738, 4
20750, 4
20762, 4
20774, 4
20786, 4
20798, 4
20810, 4
20822, 4
20834, 4
20846, 4
20858, 4
20870, 4
20882, 4
20894, 4
20906, 4
20918, 4
20930, 4
20942, 4
20954, 4
20966, 4
20978, 4
20990, 4
21002, 4
21014, 4
21026, 4
21038, 4
21050, 4
21062, 4
21074, 4
21086, 4
21098, 4
21110, 4
21122, 4
21134, 4
21146, 4
21158, 4
21170, 4
21182, 4
21194, 4
21206, 4
21218, 4
21230, 4
21242, 4
21254, 4
21266, 4
21278, 4
21290, 4
21302, 4
21314, 4
21326, 4
21338, 4
21350, 4
21362, 4
21374, 4
21386, 4
21398, 4
21410, 4
21422, 4
21434, 4
21446, 4
21458, 4
21470, 4
21482, 4
21494, 4
21506, 4
21518, 4
21530, 4
21542, 4
21554, 4
21566, 4
21578, 4
21590, 4
21602, 4
21614, 4
21626, 4
21638, 4
21650, 4
21662, 4
21674, 4
21686, 4
21698, 4
21710, 4
21722, 4
21734, 4
21746, 4
21758, 4
21770, 4
21782, 3
21794, 4
21806, 4
21818, 3
21830, 3
21842, 3
21854, 3
21866, 3
21878, 3
21890, 3
21902, 3
21914, 3
21926, 3
21938, 3
21950, 3
21962, 3
21974, 3
21986, 3
21998, 3
22010, 3
22022, 3
22034, 3
22046, 3
22058, 3
22070, 3
22082, 3
22094, 3
22106, 3
22118, 3
22130, 3
22142, 3
22154, 3
22166, 3
22178, 3
22190, 3
22202, 3
22214, 3
22226, 3
22238, 3
22250, 3
22262, 3
22274, 3
22286, 3
22298, 3
22310, 3
22322, 3
22334, 3
22346, 3
22358, 3
22370, 3
22382, 3
22394, 3
22406, 3
22418, 3
22430, 3
22442, 4
22454, 4
22466, 4
22478, 0
22490, 0
22502, 0
22514, 0
22526, 0
22538, 0
22550, 0
22562, 0
22574, 0
22586, 0
22598, 0
22610, 0
22622, 0
22634, 0
22646, 0
22658, 0
22670, 0
22682, 0
22694, 0
22706, 0
22718, 0
22730, 0
22742, 0
22754, 0
22766, 0
22778, 0
22790, 0
22802, 0
22814, 0
22826, 0
22838, 0
22850, 0
22862, 0
22874, 0
22886, 0
22898, 0
22910, 0
22922, 0
22934, 0
22946, 0
22958, 0
22970, 0
22982, 0
22994, 0
23006, 0
23018, 0
23030, 0
23042, 0
23054, 0
23066, 0
23078, 0
23090, 0
23102, 0
23114, 0
23126, 0
23138, 0
23150, 0
23162, 0
23174, 0
23186, 0
23198, 0
23210, 0
23222, 0
23234, 0
23246, 4
23258, 4
23270, 4
23282, 4
23294, 4
23306, 4
23318, 4
23330, 4
23342, 0
23354, 0
23366, 0
23378, 0
23390, 0
23402, 0
23414, 0
23426, 0
23438, 0
23450, 0
23462, 0
23474, 0
23486, 0
23498, 0
23510, 0
23522, 0
23534, 0
23546, 0
23558, 0
23570, 0
23582, 0
23594, 0
23606, 0
23618, 0
23630, 0
23642, 0
23654, 0
23666, 0
23678, 0
23690, 0
23702, 0
23714, 0
23726, 0
23738, 0
23750, 0
23762, 0
23774, 0
23786, 0
23798, 0
23810, 0
23822, 0
23834, 0
23846, 0
23858, 0
23870, 0
23882, 0
23894, 0
23906, 0
23918, 0
23930, 0
23942, 0
23954, 0
23966, 0
23978, 0
23990, 0
24002, 0
24014, 0
24026, 0
24038, 0
24050, 0
24062, 0
24074, 0
24086, 0
24098, 0
24110, 0
24122, 0
24134, 0
24146, 0
24158, 0
24170, 0
24182, 0
24194, 0
24206, 0
24218, 4
24230, 4
24242, 4
24254, 4
24266, 4
24278, 4
24290, 4
24302, 4
24314, 4
24326, 0
24338, 0
24350, 0
24362, 0
24374, 0
24386, 0
24398, 0
24410, 0
24422, 0
24434, 0
24446, 0
24458, 0
24470, 0
24482, 0
24494, 0
24506, 0
24518, 0
24530, 0
24542, 0
24554, 0
24566, 0
24578, 0
24590, 0
24602, 0
24614, 0
24626, 0
24638, 0
24650, 0
24662, 0
24674, 0
24686, 0
24698, 0
24710, 0
24722, 0
24734, 0
24746, 0
24758, 0
24770, 0
24782, 0
24794, 0
24806, 0
24818, 0
24830, 0
24842, 0
24854, 0
24866, 0
24878, 0
24890, 0
24902, 0
24914, 4
24926, 4
24938, 4
24950, 4
24962, 4
24974, 4
24986, 4
24998, 4
25010, 4
25022, 4
25034, 4
25046, 4
25058, 4
25070, 4
25082, 4
25094, 4
25106, 4
25118, 4
25130, 4
25142, 4
25154, 4
25166, 4
25178, 4
25190, 4
25202, 4
25214, 4
25226, 4
25238, 4
25250, 4
25262, 4
25274, 4
25286, 4
25298, 4
25310, 4
25322, 4
25334, 4
25346, 4
25358, 4
25370, 4
25382, 4
25394, 4
25406, 4
25418, 4
25430, 4
25442, 4
25454, 4
25466, 4
25478, 4
25490, 0
25502, 0
25514, 0
25526, 0
25538, 0
25550, 0
25562, 0
25574, 0
25586, 0
25598, 0
25610, 0
25622, 0
25634, 0
25646, 0
25658, 0
25670, 0
25682, 0
25694, 0
25706, 0
25718, 0
25730, 0
25742, 0
25754, 0
25766, 0
25778, 0
25790, 0
25802, 0
25814, 0
25826, 0
25838, 0
25850, 0
25862, 0
25874, 0
25886, 0
25898, 0
25910, 0
25922, 0
25934, 0
25946, 0
25958, 0
25970, 0
25982, 0
25994, 0
26006, 0
26018, 0
26030, 0
26042, 0
26054, 0
26066, 0
26078, 0
26090, 0
26102, 0
26114, 0
26126, 0
26138, 0
26150, 0
26162, 0
26174, 0
26186, 0
26198, 0
26210, 0
26222, 0
26234, 0
26246, 0
26258, 0
26270, 0
26282, 0
26294, 0
26306, 0
26318, 0
26330, 0
26342, 0
26354, 0
26366, 0
26378, 0
26390, 0
26402, 0
26414, 0
26426, 0
26438, 0
26450, 0
26462, 0
26474, 0
26486, 0
26498, 0
26510, 0
26522, 0
26534, 0
26546, 0
26558, 0
26570, 0
26582, 0
26594, 0
26606, 0, 2
26618, 0, 2
26630, 0, 2
26642, 0, 2
26654, 0, 2
26666, 0, 2
26678, 0, 2
26690, 0, 2
26702, 0, 2
26714, 0, 2
26726, 0, 2
26738, 0, 2
26750, 0, 2
26762, 0, 2
26774, 0, 2
26786, 0, 2
26798, 0, 2
26810, 0, 2
26822, 0, 2
26834, 0, 2
26846, 0, 2
26858, 2
26870, 4
26882, 2
26894, 4
26906, 2
26918, 2
26930, 2
26942, 2
26954, 2
26966, 2
26978, 2
26990, 2
27002, 2
27014, 2
27026, 2
27038, 2
27050, 2
27062, 2
27074, 1
27086, 1
27098, 1
27110, 1
27122, 1
27134, 1
27146, 1
27158, 1
27170, 1
27182, 1
27194, 1
27206, 1
27218, 1
27230, 1
27242, 1
27254, 1
27266, 1
27278, 1
27290, 1
27302, 1
27314, 1
27326, 1
27338, 1
27350, 1
27362, 1
27374, 1
27386, 1
27398, 1
27410, 4
27422, 4
27434, 2
27446, 4
27458, 4
27470, 0, 2
27482, 0, 2
27494, 0, 2
27506, 0, 2
27518, 0, 2
27530, 0, 2
27542, 0, 2
27554, 0, 2
27566, 0, 2
27578, 0, 2
27590, 0, 2
27602, 0, 2
27614, 0, 2
27626, 0, 2
27638, 0, 2
27650, 0, 2
27662, 0, 2
27674, 0, 2
27686, 0, 2
27698, 0, 2
27710, 0, 2
27722, 0, 2
27734, 0, 2
27746, 0, 2
27758, 0, 2
27770, 0, 2
27782, 0, 2
27794, 0, 2
27806, 0, 2
27818, 0, 2
27830, 0, 2
27842, 0, 2
27854, 0, 2
27866, 0, 2
27878, 0, 2
27890, 0, 2
27902, 0, 2
27914, 0, 2
27926, 0, 2
27938, 0, 2
27950, 0, 2
27962, 0, 2
27974, 0, 2
27986, 0, 2
27998, 0, 2
28010, 0, 2
28022, 0, 2
28034, 0, 2
28046, 0, 2
28058, 0, 2
28070, 0, 2
28082, 0, 2
28094, 0, 2
28106, 0
28118, 0
28130, 0, 2
28142, 0, 2
28154, 0, 2
28166, 0, 2
28178, 0, 2
28190, 0, 2
28202, 0, 2
28214, 0, 2
28226, 0, 2
28238, 0, 2
28250, 0, 2
28262, 0, 2
28274, 0, 2
28286, 0, 2
28298, 0, 2
28310, 0, 2
28322, 0, 2
28334, 0, 2
28346, 0, 2
28358, 0, 2
28370, 2
28382, 2
28394, 4
28406, 4
28418, 2
28430, 2
28442, 4
28454, 0
28466, 0
28478, 0
28490, 4
28502, 4
28514, 4
28526, 4
28538, 4
28550, 4
28562, 4
28574, 4
28586, 4
28598, 4
28610, 4
28622, 4
28634, 4
28646, 4
28658, 4
28670, 4
28682, 4
28694, 4
28706, 4
28718, 4
28730, 4
28742, 4
28754, 4
28766, 4
28778, 4
28790, 4
28802, 4
28814, 4
28826, 4
28838, 4
28850, 4
28862, 4
28874, 4
28886, 4
28898, 4
28910, 4
28922, 4
28934, 4
28946, 4
28958, 4
28970, 4
28982, 4
28994, 4
29006, 4
29018, 4
29030, 4
29042, 4
29054, 4
29066, 4
29078, 4
29090, 4
29102, 4
29114, 4
29126, 4
29138, 4
29150, 4
29162, 4
29174, 4
29186, 4
29198, 4
29210, 4
29222, 4
29234, 4
29246, 4
29258, 4
29270, 4
29282, 4
29294, 4
29306, 4
29318, 4
29330, 2
29342, 2
29354, 2
29366, 2
29378, 2
29390, 2
29402, 2
29414, 2
29426, 2
29438, 2
29450, 2
29462, 2
29474, 2
29486, 2
29498, 2
29510, 2
29522, 2
29534, 2
29546, 2
29558, 2
29570, 2
29582, 2
29594, 2
29606, 2
29618, 2
29630, 2
29642, 2
29654, 2
29666, 2
29678, 2
29690, 2
29702, 2
29714, 2
29726, 2
29738, 2
29750, 2
29762, 0, 2
29774, 2
29786, 2
29798, 2
29810, 2
29822, 2
29834, 0, 2
29846, 2
29858, 0, 2
29870, 0, 2
29882, 0, 2
29894, 0, 2
29906, 0, 2
29918, 0, 2
29930, 0, 2
29942, 0, 2
29954, 0, 2
29966, 0, 2
29978, 0, 2
29990, 0, 2
30002, 0, 2
30014, 0, 2
30026, 0, 2
30038, 0, 2
30050, 0, 2
30062, 0, 2
30074, 0, 2
30086, 0, 2
30098, 0, 2
30110, 0, 2
30122, 0, 2
30134, 4
30146, 2
30158, 4
30170, 0, 2
30182, 0, 2
30194, 4
30206, 0, 2
30218, 0, 2
30230, 0
30242, 2
30254, 0, 2
30266, 0, 2
30278, 0, 2
30290, 0, 2
30302, 0, 2
30314, 0
30326, 0, 2
30338, 0
30350, 0
30362, 0, 2
30374, 0
30386, 0, 2
30398, 0, 2
30410, 2
30422, 0, 2
30434, 0, 2
30446, 0, 2
30458, 2
30470, 4
30482, 4
30494, 0
30506, 0
30518, 0
30530, 0
30542, 4
30554, 4
30566, 0
30578, 0
30590, 0
30602, 0
30614, 0
30626, 0
30638, 0
30650, 0
30662, 0
30674, 0
30686, 0
30698, 0
30710, 0
30722, 0
30734, 0
30746, 0
30758, 0
30770, 0
30782, 0
30794, 0
30806, 0
30818, 0
30830, 0
30842, 0
30854, 0
30866, 0
30878, 0
30890, 0
30902, 0
30914, 0
30926, 0
30938, 0
30950, 0
30962, 0
30974, 0
30986, 0
30998, 0
31010, 0
31022, 0
31034, 4
31046, 0
31058, 4
31070, 0
31082, 4
31094, 0
31106, 0
31118, 0
31130, 0
31142, 0
31154, 0
31166, 0
31178, 4
31190, 0
31202, 0
31214, 0
31226, 4
31238, 4
31250, 4
31262, 4
31274, 4
31286, 4
31298, 0
31310, 0
31322, 0
31334, 0
31346, 0
31358, 0
31370, 0
31382, 0, 2
31394, 0, 2
31406, 0, 2
31418, 0, 2
31430, 0, 2
31442, 0, 2
31454, 2
31466, 2
31478, 2
31490, 2
31502, 2
31514, 2
31526, 2
31538, 2
31550, 0, 2
31562, 0, 2
31574, 0, 2
31586, 0, 2
31598, 0, 2
31610, 0, 2
31622, 0, 2
31634, 0, 2
31646, 0, 2
31658, 0, 2
31670, 0, 2
31682, 0, 2
31694, 0, 2
31706, 0, 2
31718, 0, 2
31730, 0, 2
31742, 0, 2
31754, 0, 2
31766, 0, 2
31778, 0, 2
31790, 0, 2
31802, 0, 2
31814, 0, 2
31826, 0, 2
31838, 0, 2
31850, 0, 2
31862, 0, 2
31874, 0, 2
31886, 0, 2
31898, 0, 2
31910, 0, 2
31922, 0, 2
31934, 0, 2
31946, 0, 2
31958, 0, 2
31970, 0, 2
31982, 0, 2
31994, 0, 2
32006, 0, 2
32018, 0, 2
32030, 0, 2
32042, 0, 2
32054, 0, 2
32066, 0, 2
32078, 0, 2
32090, 0, 2
32102, 0, 2
32114, 0, 2
32126, 0, 2
32138, 0, 2
32150, 2
32162, 0, 2
32174, 0, 2
32186, 2
32198, 2
32210, 2
32222, 2
32234, 2
32246, 2
32258, 2
32270, 2
32282, 2
32294, 2
32306, 2
32318, 2
32330, 2
32342, 2
32354, 2
32366, 2
32378, 2
32390, 2
32402, 2
32414, 2
32426, 2
32438, 2
32450, 2
32462, 2
32474, 2
32486, 2
32498, 4
32510, 2
32522, 2
32534, 2
32546, 2
32558, 2
32570, 2
32582, 2
32594, 2
32606, 4
32618, 2
32630, 2
32642, 2
32654, 2
32666, 2
32678, 2
32690, 2
32702, 2
32714, 2
32726, 2
32738, 2
32750, 2
32762, 2
32774, 2
32786, 2
32798, 2
32810, 2
32822, 2
32834, 2
32846, 2
32858, 2
32870, 2
32882, 2
32894, 2
32906, 2
32918, 2
32930, 2
32942, 2
32954, 2
32966, 2
32978, 2
32990, 2
33002, 2
33014, 2
33026, 2
33038, 2
33050, 2
33062, 2
33074, 2
33086, 2
33098, 2
33110, 2
33122, 2
33134, 2
33146, 2
33158, 2
33170, 0, 2
33182, 2
33194, 2
33206, 0, 2
33218, 0, 2
33230, 0, 2
33242, 0, 2
33254, 0, 2
33266, 0, 2
33278, 2
33290, 0, 2
33302, 0, 2
33314, 0, 2
33326, 0, 2
33338, 0, 2
33350, 0, 2
33362, 0, 2
33374, 0, 2
33386, 0, 2
33398, 0, 2
33410, 0, 2
33422, 0, 2
33434, 0, 2
33446, 0, 2
33458, 0, 2
33470, 0, 2
33482, 0, 2
33494, 0, 2
33506, 0, 2
33518, 2
33530, 0, 2
33542, 0, 2
33554, 0, 2
33566, 0, 2
33578, 0, 2
33590, 0, 2
33602, 0, 2
33614, 0, 2
33626, 0, 2
33638, 0, 2
33650, 0, 2
33662, 0, 2
33674, 0, 2
33686, 0, 2
33698, 0, 2
33710, 0, 2
33722, 0, 2
33734, 0, 2
33746, 0, 2
33758, 0, 2
33770, 0, 2
33782, 0
33794, 0
33806, 0
33818, 0
33830, 0
33842, 0
33854, 0
33866, 0
33878, 4
33890, 4
33902, 4
33914, 0
33926, 0
33938, 0
33950, 0
33962, 0
33974, 0
33986, 4
33998, 0
34010, 0
34022, 0
34034, 0
34046, 4
34058, 4
34070, 4
34082, 4
34094, 4
34106, 0
34118, 0
34130, 4
34142, 4
34154, 0
34166, 0
34178, 0
34190, 0
34202, 0
34214, 4
34226, 4
34238, 4
34250, 4
34262, 0
34274, 4
34286, 4
34298, 4
34310, 4
34322, 0
34334, 0
34346, 0
34358, 0
34370, 0
34382, 0
34394, 0
34406, 0
34418, 0
34430, 0
34442, 0
34454, 0
34466, 0
34478, 0
34490, 0
34502, 0
34514, 0
34526, 0
34538, 0
34550, 0
34562, 0
34574, 0
34586, 0
34598, 0
34610, 0
34622, 0
34634, 4
34646, 4
34658, 4
34670, 4
34682, 4
34694, 4
34706, 4
34718, 4
34730, 4
34742, 4
34754, 4
34766, 4
34778, 4
34790, 0
34802, 0
34814, 4
34826, 4
34838, 4
34850, 4
34862, 4
34874, 4
34886, 4
34898, 4
34910, 4
34922, 0
34934, 4
34946, 4
34958, 4
34970, 4
34982, 4
34994, 0
35006, 4
35018, 4
35030, 4
35042, 4
35054, 4
35066, 4
35078, 4
35090, 4
35102, 4
35114, 4
35126, 4
35138, 4
35150, 4
35162, 4
35174, 4
35186, 4
35198, 0
35210, 0
35222, 0
35234, 0
35246, 4
35258, 4
35270, 0
35282, 0
35294, 0
35306, 0
35318, 0
35330, 0
35342, 0
35354, 0
35366, 0
35378, 0
35390, 0
35402, 0
35414, 0
35426, 0
35438, 0
35450, 4
35462, 4
35474, 4
35486, 4
35498, 4
35510, 4
35522, 4
35534, 4
35546, 0
35558, 4
35570, 4
35582, 4
35594, 4
35606, 4
35618, 4
35630, 4
35642, 4
35654, 4
35666, 4
35678, 4
35690, 4
35702, 4
35714, 4
35726, 4
35738, 4
35750, 4
35762, 4
35774, 4
35786, 4
35798, 4
35810, 4
35822, 4
35834, 4
35846, 4
35858, 4
35870, 4
35882, 4
35894, 4
35906, 0
35918, 4
35930, 0
35942, 0
35954, 0
35966, 4
35978, 0
35990, 0
36002, 0
36014, 4
36026, 4
36038, 0
36050, 0
36062, 4
36074, 0
36086, 4
36098, 4
36110, 4
36122, 4
36134, 4
36146, 4
36158, 4
36170, 4
36182, 4
36194, 4
36206, 4
36218, 4
36230, 4
36242, 4
36254, 4
36266, 4
36278, 4
36290, 4
36302, 4
36314, 4
36326, 4
36338, 4
36350, 2
36362, 2
36374, 2
36386, 2
36398, 4
36410, 4
36422, 2
36434, 2
36446, 2
36458, 4
36470, 4
36482, 4
36494, 4
36506, 4
36518, 4
36530, 4
36542, 4
36554, 0
36566, 0
36578, 0
36590, 0
36602, 0
36614, 0
36626, 0
36638, 0
36650, 0
36662, 4
36674, 4
36686, 4
36698, 4
36710, 4
36722, 4
36734, 4
36746, 4
36758, 4
36770, 4
36782, 4
36794, 4
36806, 4
36818, 4
36830, 0
36842, 0
36854, 4
36866, 0
36878, 0
36890, 0
36902, 0
36914, 0
36926, 0
36938, 0
36950, 0
36962, 0
36974, 0
36986, 0
36998, 0
37010, 0
37022, 0
37034, 0
37046, 0
37058, 0
37070, 0
37082, 0
37094, 0
37106, 0
37118, 4
37130, 4
37142, 4
37154, 2
37166, 2
37178, 2
37190, 4
37202, 0
37214, 4
37226, 4
37238, 4
37250, 4
37262, 4
37274, 4
37286, 4
37298, 2
37310, 4
37322, 2
37334, 4
37346, 4
37358, 4
37370, 4
37382, 4
37394, 4
37406, 4
37418, 0
37430, 4
37442, 4
37454, 4
37466, 4
37478, 4
37490, 4
37502, 4
37514, 4
37526, 4
37538, 4
37550, 4
37562, 4
37574, 4
37586, 4
37598, 4
37610, 4
37622, 4
37634, 4
37646, 4
37658, 4
37670, 4
37682, 4
37694, 4
37706, 4
37718, 4
37730, 4
37742, 4
37754, 4
37766, 4
37778, 4
37790, 4
37802, 4
37814, 4
37826, 4
37838, 4
37850, 4
37862, 4
37874, 4
37886, 4
37898, 4
37910, 4
37922, 4
37934, 4
37946, 4
37958, 4
37970, 4
37982, 4
37994, 4
38006, 4
38018, 4
38030, 4
38042, 4
38054, 4
38066, 4
38078, 4
38090, 4
38102, 1
38114, 1
38126, 1
38138, 1
38150, 1
38162, 1
38174, 1
38186, 1
38198, 1
38210, 1
38222, 1
38234, 1
38246, 1
38258, 1
38270, 1
38282, 1
38294, 4
38306, 4
38318, 4
38330, 4
38342, 4
38354, 4
38366, 4
38378, 4
38390, 4
38402, 4
38414, 4
38426, 4
38438, 4
38450, 4
38462, 4
38474, 4
38486, 4
38498, 4
